#size: 500 5
#stance_hip, swing_hip, stance_knee, swing_knee,torso_angle
34.20123064,-12.75840968,16.62951344,14.90467012,11.27315913
34.19357899,-12.83478583,16.7304096,14.93933403,11.26101659
34.18592733,-12.91116198,16.83130577,14.97399793,11.24887405
34.17827568,-12.98753812,16.93220193,15.00866183,11.23673151
34.17062535,-13.06391144,17.03316904,15.04333338,11.22458362
34.16249694,-13.13992273,17.14700776,15.07938818,11.21168609
34.15423751,-13.21573702,17.2637401,15.11596294,11.19868405
34.14597807,-13.29155131,17.38047243,15.15253771,11.18568201
34.13771927,-13.3673564,17.49732934,15.1891313,11.17266977
34.12898965,-13.44279299,17.62317015,15.22681706,11.15901958
34.1199719,-13.51778665,17.7539682,15.26553304,11.14517748
34.1109203,-13.59272646,17.88482009,15.30434568,11.13133131
34.1018658,-13.66764622,18.01583131,15.34319312,11.1174707
34.09230896,-13.74219239,18.15262309,15.3829221,11.1030729
34.08245568,-13.81609973,18.29570873,15.42399194,11.0884228
34.07242593,-13.88980392,18.43887385,15.46542402,11.07375879
34.06237404,-13.96345311,18.58221916,15.5069452,11.05907608
34.05178496,-14.03668148,18.72929118,15.54928517,11.04394307
34.04092324,-14.10916118,18.88237349,15.59304111,11.02852701
34.02977559,-14.18129147,19.03602985,15.63741395,11.01308203
34.01851094,-14.25321625,19.18983155,15.68211794,10.99761432
34.00668923,-14.32468543,19.34589869,15.72759741,10.981775
33.99464126,-14.39536024,19.50714301,15.7744519,10.96564179
33.98213751,-14.46535575,19.66948475,15.82243828,10.94945921
33.96950215,-14.53514359,19.83188973,15.87074581,10.93325405
33.95626214,-14.60431751,19.99567102,15.92001018,10.91674788
33.94269367,-14.67264019,20.16314964,15.97065564,10.89994874
33.92873631,-14.74008783,20.33238263,16.02266312,10.8830933
33.91449572,-14.80716369,20.50154247,16.07524831,10.86620614
33.89963404,-14.87351102,20.67142059,16.12891029,10.84908235
33.88431912,-14.93885371,20.84377976,16.1841213,10.83168113
33.86874776,-15.00335105,21.01795985,16.24057096,10.81422424
33.85258713,-15.06697772,21.19193492,16.29834589,10.79672633
33.83593316,-15.12999666,21.36629023,16.35696098,10.77904289
33.81865594,-15.1917359,21.54200751,16.41749552,10.76111702
33.80115152,-15.25261458,21.71936531,16.47923092,10.74313092
33.78294072,-15.31226482,21.8965004,16.54275448,10.7251044
33.7641256,-15.37109991,22.07352571,16.60741453,10.7069367
33.74479153,-15.42877283,22.25128978,16.67377432,10.68856391
33.7250611,-15.48529191,22.43017489,16.74171903,10.6701351
33.70462133,-15.54044884,22.60882653,16.81156575,10.65166863
33.68336373,-15.59436416,22.78680762,16.88316463,10.63310571
33.66168836,-15.64718916,22.96516014,16.95632827,10.61437177
33.63945767,-15.69861664,23.14406813,17.03136699,10.59558644
33.6165951,-15.74872737,23.32265823,17.10820604,10.57678376
33.5926775,-15.79707018,23.500073,17.18750518,10.55792196
33.56832213,-15.84415804,23.67749101,17.26859275,10.53893041
33.54339753,-15.88990102,23.85502283,17.35144034,10.51988528
33.51780574,-15.93416415,24.03203962,17.43628633,10.50085151
33.49105297,-15.97638107,24.20756857,17.52390718,10.4817846
33.46373343,-16.01696563,24.38261555,17.6138546,10.46264674
33.43576308,-16.05610237,24.55724496,17.7057003,10.44346709
33.4072805,-16.09395416,24.73154502,17.79921021,10.42429802
33.37748624,-16.12946736,24.90392509,17.89584476,10.40513012
33.34691353,-16.16277787,25.07522654,17.99560133,10.38595602
33.31565721,-16.19459049,25.24574238,18.09733257,10.36676094
33.28378307,-16.22493894,25.41566419,18.20090626,10.34757776
33.25081492,-16.25319742,25.58387747,18.30726039,10.32842002
33.21684264,-16.27874335,25.75043057,18.41736024,10.30931664
33.18206387,-16.30247885,25.91574594,18.52989851,10.29022924
33.14648985,-16.32457455,26.07997631,18.64449557,10.27116506
33.11010295,-16.34487561,26.24292787,18.76144962,10.25213972
33.0725571,-16.36217592,26.40379761,18.88245728,10.23320699
33.03402556,-16.37714153,26.56288383,19.00665847,10.21435092
32.99450673,-16.39029935,26.72037078,19.13313181,10.19553282
32.95430317,-16.4017079,26.87673415,19.26188491,10.17678147
32.91304625,-16.41028145,27.03114894,19.3944025,10.15811759
32.87055197,-16.41593522,27.18311425,19.53089571,10.13961467
32.82691815,-16.41952577,27.33302922,19.67003246,10.12117023
32.78252675,-16.42123548,27.48160698,19.81158668,10.10280872
32.73732244,-16.42034402,27.6286016,19.95658502,10.08457534
32.69078946,-16.41647368,27.77291576,20.10556909,10.06651213
32.64294454,-16.4100453,27.91463962,20.25792185,10.04856274
32.594176,-16.40143385,28.05463797,20.41305292,10.03072228
32.5447703,-16.39042469,28.19330189,20.57135437,10.01305933
32.49401586,-16.37657177,28.32923664,20.73339401,9.995542734
32.44188903,-16.35974005,28.46230404,20.89940363,9.978195635
32.38859951,-16.34031494,28.5930646,21.06872365,9.961005211
32.33477305,-16.3187009,28.72262597,21.24090904,9.944021914
32.27956744,-16.29415233,28.84934107,21.41692928,9.927192484
32.22319504,-16.26686124,28.97357264,21.59660029,9.910539886
32.16530987,-16.23632313,29.09462505,21.78045201,9.894114299
32.10674619,-16.20340319,29.21414514,21.96737765,9.877923481
32.04714376,-16.16796672,29.33144023,22.15759842,9.861905733
31.98637729,-16.12986081,29.44623589,22.35134406,9.846073922
31.92392284,-16.08807499,29.55739519,22.54985711,9.830490751
31.86062737,-16.04367762,29.66659983,22.75168349,9.815197944
31.79654123,-15.99702401,29.77402598,22.95648145,9.800107389
31.73123214,-15.94765675,29.8788086,23.164828,9.785192268
31.6642609,-15.89461203,29.97992993,23.37793739,9.770563634
31.59629322,-15.83863563,30.07871452,23.59474937,9.756245858
31.52764909,-15.78056214,30.17587514,23.81429593,9.742171259
31.45776116,-15.71972952,30.27030525,24.03742627,9.728275935
31.38640162,-15.65548091,30.36141962,24.2649828,9.714693643
31.3138398,-15.58789894,30.44970379,24.49673814,9.701434178
31.24054591,-15.5181532,30.53618517,24.73126093,9.688446728
31.16625966,-15.44600985,30.62038773,24.96889274,9.675667837
31.0905366,-15.37042514,30.70132074,25.2109603,9.663198734
31.01348085,-15.29134324,30.77905509,25.45738644,9.651092878
30.93575325,-15.21025075,30.85512205,25.70637202,9.639227363
30.8571519,-15.12685819,30.92904765,25.95829633,9.62763136
30.77711722,-15.03989655,30.99965609,26.21479242,9.616336197
30.69575651,-14.94959979,31.06703745,26.47537874,9.605442503
30.61365785,-14.8570429,31.13253311,26.73880223,9.594802197
30.53092038,-14.76277078,31.19640328,27.00440195,9.58438895
30.44680858,-14.66483536,31.25697029,27.27464399,9.574313004
30.36135848,-14.56360568,31.31423058,27.54884493,9.564673237
30.27506757,-14.45978857,31.3692822,27.826232,9.555310832
30.18821598,-14.35453082,31.42289555,28.10543573,9.546138808
30.10033124,-14.2462299,31.47388649,28.38845699,9.537301151
30.01100389,-14.13432983,31.5212218,28.67568307,9.528919168
29.92085207,-14.01991533,31.5663686,28.96596385,9.520853486
29.8300793,-13.90389936,31.60986971,29.25819519,9.512972954
29.73856552,-13.785568,31.65140955,29.55332853,9.505374894
29.64564235,-13.66348181,31.68922617,29.85270968,9.498250561
29.55192736,-13.53903246,31.72489566,30.154876,9.491480539
29.4575388,-13.41277161,31.75871762,30.45916318,9.484894396
29.36251492,-13.28451804,31.79077653,30.76587682,9.478579484
29.26634074,-13.15303436,31.8196902,31.07617617,9.472673755
29.16932286,-13.0190122,31.84620915,31.38927171,9.467175761
29.07166452,-12.88320044,31.87092272,31.7043945,9.461869789
28.97336242,-12.74540765,31.89375977,32.02179156,9.456833131
28.87421316,-12.60512419,31.91417756,32.34187124,9.452141333
28.77420608,-12.4621871,31.93204968,32.66469095,9.447856586
28.67360606,-12.31752729,31.94820033,32.98938827,9.443802116
28.57234718,-12.17083975,31.96231466,33.31621063,9.440008965
28.47045019,-12.022259,31.97453861,33.64498329,9.436506892
28.3677628,-11.87107288,31.98427211,33.97627565,9.433389123
28.26451166,-11.71819137,31.9923081,34.30931626,9.430538321
28.16061958,-11.56330711,31.99823114,34.64420137,9.427940131
28.05619458,-11.40688953,32.00254241,34.98058464,9.425588195
27.95109456,-11.24799431,32.00449695,35.31909437,9.423625763
27.84546844,-11.08761419,32.00488069,35.65910092,9.421873439
27.73929175,-10.92533661,32.0032663,36.00059658,9.420417565
27.63259519,-10.76155271,31.99998705,36.34338526,9.419177352
27.52538268,-10.5958311,31.99477942,36.6875781,9.418276454
27.41768118,-10.42857437,31.98796674,37.03312732,9.417583694
27.30951268,-10.25967704,31.97938155,37.37984291,9.417176523
27.20085932,-10.08929122,31.96908229,37.72751036,9.416964461
27.09177569,-9.917377116,31.95713058,38.07604072,9.417051486
26.98227273,-9.74388314,31.94357411,38.42571066,9.417353282
26.87234378,-9.568944959,31.92836437,38.77627803,9.417909851
26.76203482,-9.392788567,31.91168567,39.12735674,9.418638605
26.65129518,-9.215180604,31.89330195,39.4789448,9.419646253
26.54025881,-9.036218376,31.87353281,39.83119499,9.420854107
26.42881482,-8.855860173,31.85211582,40.18416619,9.422291583
26.31706607,-8.67459393,31.82948248,40.53733501,9.423872269
26.20492463,-8.491931792,31.8051405,40.89058575,9.425711947
26.09258619,-8.30822683,31.77966234,41.24398712,9.427722647
25.97983469,-8.123062879,31.75240712,41.59792821,9.429952748
25.86686884,-7.937222838,31.72417941,41.95177229,9.432312626
25.75354957,-7.750253225,31.69442562,42.30538702,9.434875742
25.64004951,-7.56229854,31.66347546,42.65870099,9.437601466
25.52624486,-7.373035383,31.63092196,43.01209275,9.440530938
25.41224345,-7.183179727,31.59743753,43.36522624,9.443567977
25.29793677,-6.992436199,31.56262618,43.71792399,9.446784767
25.18345438,-6.800804322,31.52659537,44.06989378,9.450129427
25.06876701,-6.608105786,31.48918477,44.42140888,9.453651342
24.95390248,-6.414815558,31.45084067,44.77256216,9.457269039
24.83876383,-6.220787107,31.41124587,45.12299661,9.461053176
24.72345993,-6.026020966,31.37050584,45.47241777,9.464927808
24.60803154,-5.830454046,31.32863185,45.82091437,9.468940572
24.49242755,-5.634212495,31.2856836,46.16881256,9.473055581
24.37659493,-5.437393127,31.24158632,46.51561875,9.477301857
24.26063271,-5.240028512,31.1965519,46.86134846,9.481628845
24.14456711,-5.042079226,31.1505417,47.20589582,9.486040521
24.02833162,-4.843365014,31.10321072,47.54917138,9.490565988
23.91193648,-4.644262437,31.05500837,47.8913314,9.495182058
23.79542208,-4.444755229,31.00596573,48.23229815,9.499872065
23.67880063,-4.244705451,30.95587181,48.57158927,9.504625272
23.56205178,-4.044107528,30.90465737,48.90939557,9.509455314
23.44518539,-3.843149004,30.8526236,49.24588285,9.514361428
23.32819892,-3.641883556,30.79976698,49.58093582,9.519329623
23.21111121,-3.440137872,30.74582108,49.913866,9.524351328
23.09393403,-3.238069599,30.69105496,50.24541034,9.529408185
22.97666005,-3.035645195,30.63541882,50.57527647,9.534530688
22.85926986,-2.832962479,30.57888836,50.90318573,9.539702539
22.74179461,-2.629959908,30.52145475,51.22905817,9.544912073
22.62426235,-2.426734414,30.46333674,51.55335685,9.550133095
22.50661424,-2.223197969,30.40426409,51.875697,9.555406538
22.3888883,-2.01945695,30.34432909,52.1956191,9.560713998
22.27107971,-1.815534229,30.28363705,52.51362275,9.566041393
22.15323625,-1.61143372,30.2222924,52.82969117,9.571372819
22.03528773,-1.407118373,30.16005819,53.14366678,9.576733471
21.91725076,-1.202642015,30.09693927,53.45498016,9.582119447
21.79914956,-0.998078194,30.03312856,53.76409436,9.587506479
21.68102959,-0.793401951,29.96875307,54.07128905,9.592892996
21.56282681,-0.588593407,29.9035724,54.37615218,9.598290594
21.4445179,-0.383667503,29.8374536,54.67803037,9.603704645
21.32616513,-0.178724348,29.77073937,54.97763664,9.609106877
21.20778837,0.026266763,29.70347867,55.27524776,9.614498366
21.08937279,0.231316188,29.63557832,55.5704087,9.619894265
20.97083151,0.436429352,29.56662653,55.86196334,9.625290769
20.85225096,0.64152388,29.49720775,56.15160266,9.630677045
20.73364499,0.846602072,29.42719618,56.43874128,9.636035927
20.61503604,1.05166882,29.35669523,56.72348954,9.641395484
20.49630708,1.256733268,29.28517762,57.00433948,9.646743493
20.37753794,1.461755094,29.21320005,57.2831269,9.652077721
20.25871114,1.666725706,29.14062133,57.55944517,9.657384559
20.13992833,1.871606797,29.06766934,57.83319941,9.662678617
20.02104711,2.076426299,28.99378385,58.10285789,9.667959393
19.90210012,2.28116244,28.91933683,58.3699118,9.673215932
19.78311151,2.485836596,28.84442655,58.6348764,9.67845038
19.66415665,2.690377529,28.76917431,58.8973096,9.683667158
19.54515115,2.894779279,28.69310165,59.15539068,9.688868779
19.42605547,3.099046568,28.61636051,59.41014351,9.69403371
19.30694426,3.303237972,28.53927623,59.6630317,9.699180417
19.18783425,3.507283079,28.46181447,59.91334439,9.704313872
19.06871082,3.711126071,28.38369437,60.15952558,9.709427144
18.94950978,3.914776914,28.30491637,60.40187729,9.714502232
18.83029976,4.118323112,28.22580481,60.6421359,9.719555964
18.71108773,4.321700291,28.14632406,60.87965184,9.724595782
18.59184132,4.52487817,28.06625351,61.11358984,9.729628111
18.47257855,4.727778399,27.98563163,61.3431503,9.734621872
18.35328873,4.930534624,27.90463335,61.57030506,9.739582622
18.23401063,5.133122988,27.82332032,61.79467073,9.744536071
18.11469141,5.335469248,27.74143305,62.01528135,9.749486037
17.99537123,5.53756037,27.65914207,62.23240974,9.754418209
17.87603428,5.739402173,27.57641261,62.44597588,9.759296452
17.75672403,5.941075552,27.49342159,62.6566773,9.764174321
17.63736911,6.142472269,27.40990067,62.8636216,9.7690508
17.51801238,6.343635271,27.32601719,63.0675109,9.773926117
17.39866277,6.544491425,27.24175556,63.2674775,9.778753466
17.2793524,6.745130763,27.15725286,63.46419307,9.783569517
17.16000123,6.945480195,27.07226197,63.65710541,9.788391712
17.04065908,7.145592693,26.98695521,63.84704789,9.79322069
16.92130931,7.345424332,26.9013102,64.03358565,9.798028007
16.80203254,7.544926007,26.81544507,64.21590084,9.802802772
16.68272515,7.744137341,26.72914276,64.39440975,9.807593994
16.5634329,7.943108698,26.64256553,64.56992672,9.812399721
16.44414208,8.141795573,26.55571649,64.74257419,9.81719901
16.32490539,8.340146197,26.46862063,64.91063485,9.821970284
16.2056849,8.538132539,26.3811626,65.07426912,9.826758409
16.08647086,8.73588582,26.29346192,65.23518732,9.831564201
15.96727443,8.933318206,26.20550846,65.39303264,9.836373965
15.84813506,9.130460893,26.11740334,65.54699856,9.841173271
15.72902368,9.327160545,26.02891258,65.69549163,9.845993073
15.60992051,9.523651984,25.94024569,65.84175168,9.850826716
15.49087336,9.719735806,25.85135141,65.98405726,9.855679642
15.3718693,9.915612365,25.76239063,66.12397528,9.860530223
15.2528938,10.11099265,25.67301145,66.25730025,9.865416617
15.1339354,10.30614254,25.58350009,66.38847078,9.87030839
15.01507596,10.50083925,25.49383751,66.51524516,9.875236435
14.89624673,10.69538285,25.40414086,66.64057538,9.880171783
14.77746949,10.8893502,25.31407317,66.75858608,9.885143221
14.65868561,11.08312362,25.22382901,66.87435644,9.89014164
14.54003438,11.27641358,25.13354517,66.98583478,9.895169378
14.42143256,11.46949181,25.04322289,67.09532265,9.90021728
14.30287713,11.66208581,24.95264016,67.19896348,9.905309384
14.18433585,11.85435343,24.86183916,67.29868942,9.910440707
14.06590202,12.04626081,24.77104426,67.39521132,9.915603702
13.94757562,12.23780795,24.68025546,67.48852919,9.920798371
13.82927046,12.42900971,24.58927829,67.57789009,9.926038963
13.71102232,12.61969731,24.49808495,67.66133979,9.931333362
13.59284101,12.81017312,24.40690682,67.74280271,9.93665885
13.47482356,13.00016084,24.31579308,67.81995474,9.942036225
13.35681084,13.18992521,24.22455324,67.89479542,9.947452369
13.23889026,13.37899792,24.13311033,67.96207445,9.952941568
13.12102173,13.56790878,24.04170029,68.02791284,9.958451815
13.00333029,13.7563735,23.95038674,68.08934306,9.964046374
12.88566791,13.9445595,23.85900514,68.14849977,9.969665731
12.76809374,14.13208102,23.76746321,68.20071503,9.975376643
12.6505941,14.31933493,23.67596733,68.25045408,9.981109534
12.53327188,14.5062017,23.58460887,68.29625989,9.986927861
12.41598067,14.6927969,23.49318771,68.33968012,9.992789365
12.298787,14.87877189,23.40168557,68.37724659,9.998740702
12.18170572,15.06429533,23.31025296,68.41066858,10.0047256
12.06478122,15.24952427,23.21897104,68.44105829,10.01078619
11.94791648,15.43444601,23.12767003,68.46855582,10.01691253
11.83114954,15.6188296,23.03635089,68.49125384,10.02312672
11.71450408,15.80262786,22.94509032,68.50895835,10.02938531
11.59801952,15.98612569,22.85401397,68.52378215,10.03571165
11.48163123,16.16931599,22.76298995,68.53539848,10.04211801
11.36532963,16.35202905,22.67196532,68.54287334,10.04861947
11.24914554,16.53414026,22.581014,68.54568583,10.05516467
11.13313871,16.71584302,22.49027141,68.54490445,10.06177757
11.01726355,16.8972571,22.39965905,68.54093326,10.06847632
10.9014904,17.07815351,22.30909305,68.53280189,10.07527458
10.78580338,17.25859325,22.21858511,68.52108132,10.08212599
10.67030634,17.43846802,22.12829548,68.50501757,10.08904168
10.5549772,17.61803921,22.03821852,68.4856609,10.09604312
10.43977151,17.7970749,21.94824786,68.4621606,10.10314937
10.32465164,17.97569808,21.85835862,68.43549304,10.11031142
10.20968845,18.15377161,21.76863351,68.40478449,10.11754816
10.09493893,18.33141667,21.6792144,68.37025583,10.12485914
9.980338003,18.50852071,21.58996559,68.33149254,10.13228142
9.865843326,18.68519527,21.50084416,68.28964723,10.13976514
9.751443112,18.86148859,21.41181627,68.24506229,10.14731769
9.637313753,19.03713916,21.32318907,68.19553777,10.15495024
9.523355606,19.21224433,21.23479351,68.14185986,10.16268888
9.409529377,19.38691112,21.14658362,68.08516236,10.1704976
9.295781552,19.56121598,21.05846453,68.0260425,10.17836333
9.18227006,19.73493132,20.97068988,67.96260666,10.18632232
9.069004484,19.90793101,20.88329701,67.89419521,10.1943799
8.955884314,20.0805201,20.79613141,67.82293091,10.20251132
8.84283882,20.25275656,20.70906682,67.74950551,10.21069013
8.72999023,20.42441229,20.62227629,67.67227947,10.21896432
8.617453498,20.59527393,20.53602076,67.58970783,10.22734316
8.505079572,20.76570902,20.45003325,67.50423535,10.23579172
8.392794819,20.93570158,20.36417469,67.41629511,10.24429068
8.280683929,21.10520197,20.27857879,67.32537304,10.25286916
8.168885625,21.27387648,20.19352665,67.22937538,10.26155563
8.057290535,21.44210092,20.10883867,67.1302601,10.2703125
7.94581068,21.60974548,20.02432878,67.02814633,10.27912292
7.834489179,21.77696657,19.94008178,66.92367212,10.28799508
7.723480836,21.94330788,19.85637176,66.81432522,10.29698149
7.612709397,22.10920243,19.77312322,66.70190889,10.30604028
7.502062355,22.27445366,19.6900758,66.58628789,10.31514436
7.391575887,22.43926615,19.6073139,66.46848369,10.32430058
7.281404139,22.60316233,19.52509219,66.34612025,10.33357003
7.171501263,22.76651466,19.44340702,66.22036533,10.34291376
7.06172478,22.92934193,19.36195695,66.09197125,10.35230101
6.952133371,23.09153869,19.28083715,65.96079675,10.36173797
6.842842435,23.25289842,19.20025833,65.82587663,10.37126185
6.733822714,23.41364344,19.12020609,65.68745507,10.38087463
6.624970631,23.57384242,19.04050042,65.54633755,10.3905274
6.516307823,23.73334532,18.96114582,65.402409,10.4002275
6.407948285,23.89202007,18.88235721,65.2551043,10.40999263
6.299842602,24.05001795,18.80404613,65.1043978,10.41985198
6.191961122,24.20738963,18.72621735,64.95074511,10.42975192
6.084266648,24.36407184,18.648757,64.79450885,10.4396939
5.976870354,24.51990494,18.57186739,64.63508749,10.44968413
5.869735385,24.67495673,18.49547036,64.47225914,10.45976295
5.762826084,24.82943193,18.41955559,64.30678205,10.46989034
5.656141957,24.98303339,18.34411527,64.13822594,10.48004712
5.549754841,25.13585009,18.26925925,63.96698242,10.49025275
5.443605161,25.28788263,18.19485913,63.7927,10.50051898
5.337693789,25.4392779,18.12095299,63.61565495,10.51085064
5.232072095,25.5895879,18.04768272,63.43502635,10.52120176
5.126702997,25.73919714,17.97491999,63.25221497,10.53159103
5.021560591,25.88811152,17.90260533,63.06704238,10.5420248
4.916708452,26.03611103,17.83088756,62.87827,10.55253472
4.812143272,26.18305584,17.75981002,62.68632194,10.56305545
4.707809798,26.32925753,17.68921986,62.49220103,10.57360063
4.603720169,26.47478837,17.61912126,62.29610042,10.58418427
4.499948107,26.61922428,17.54969064,62.09607559,10.5948384
4.396429127,26.76268583,17.48081972,61.89334904,10.60550253
4.293150889,26.90527491,17.41248575,61.6881921,10.61617741
4.190178689,27.04699477,17.34477731,61.48067623,10.62689269
4.087446392,27.18789539,17.27759398,61.27048654,10.63765416
3.984985454,27.3276696,17.21099804,61.05722323,10.64843386
3.882803919,27.46636503,17.14504682,60.84111103,10.65921465
3.780922328,27.60412946,17.07972147,60.62271043,10.67002704
3.679243818,27.74121664,17.01485039,60.40231579,10.68086823
3.57788111,27.87703133,16.9506724,60.17864598,10.69173441
3.476772136,28.0117032,16.88708338,59.95212972,10.70259426
3.375959605,28.14535099,16.82414211,59.72326287,10.71347275
3.275353396,28.27833522,16.76166112,59.49269014,10.72436995
3.175077882,28.40996322,16.69992463,59.25882244,10.73528716
3.075019192,28.54048473,16.6386938,59.02240574,10.7461977
2.975280112,28.66977342,16.57818986,58.78327384,10.7571141
2.875755061,28.79833505,16.51816097,58.54252813,10.76804043
2.776539264,28.92555581,16.45885725,58.2986961,10.77897255
2.677523657,29.05173893,16.40001795,58.05266811,10.7899034
2.578828866,29.17652716,16.34192561,57.80371072,10.80083078
2.480366331,29.30040427,16.28436301,57.55290335,10.81175514
2.38217508,29.4230786,16.22745387,57.29957025,10.82267194
2.284206392,29.54455723,16.17106611,57.04375576,10.83358816
2.186512834,29.66473863,16.11533415,56.78550324,10.84449759
2.089076293,29.78375371,16.06020698,56.52496952,10.85538969
1.991899688,29.90158801,16.00571584,56.26217589,10.86626333
1.89494354,30.01817089,15.95175691,55.99688408,10.87713074
1.798224922,30.13350693,15.89837632,55.72941787,10.88798925
1.701777614,30.24750322,15.84564863,55.45955669,10.89882147
1.605585917,30.3602197,15.79356089,55.18739504,10.90962019
1.509576631,30.47183619,15.74193471,54.91313215,10.92040706
1.413832288,30.58196988,15.69096273,54.6363639,10.93117846
1.318308007,30.69086416,15.64053111,54.35762139,10.94192171
1.2230521,30.79830973,15.59078736,54.07644122,10.95261489
1.12794223,30.90478215,15.54143742,53.79345365,10.96329118
1.033133901,31.00948244,15.49284297,53.50759468,10.97394015
0.938505655,31.11302841,15.4447017,53.22003307,10.9845599
0.844123146,31.21507328,15.39721458,52.93019112,10.99511953
0.749892521,31.31605936,15.35014895,52.63847262,11.00565022
0.655944676,31.41531101,15.30381004,52.34408518,11.01614587
0.562190881,31.51322472,15.257973,52.04779551,11.02660419
0.4686314,31.60973574,15.21267553,51.74952432,11.0370014
0.375213091,31.70514748,15.16779031,51.44952606,11.04735714
0.282052165,31.79891922,15.12359002,51.1470996,11.05766951
0.189126225,31.89104023,15.08000741,50.84239424,11.06793074
0.096338552,31.98190371,15.03683316,50.53602499,11.0781337
0.003688523,32.07158706,14.99407898,50.22799799,11.08828267
-0.088751781,32.15980242,14.95191674,49.91793324,11.09838243
-0.180900858,32.24601485,14.91052605,49.60519803,11.10841129
-0.272953735,32.33103634,14.86944758,49.29097167,11.11838373
-0.364877671,32.41489141,14.82877513,48.9752554,11.12829413
-0.456648393,32.49739669,14.7885864,48.65782276,11.13814981
-0.548093366,32.57773187,14.74926872,48.33766233,11.1479164
-0.639447059,32.6567281,14.71026496,48.01588912,11.15761819
-0.730705441,32.73476953,14.6715806,47.69301203,11.16726078
-0.821813895,32.81133259,14.63339655,47.36835904,11.17683564
-0.912650738,32.88593216,14.59597516,47.04152693,11.18631706
-1.003351118,32.95885523,14.55899336,46.71273195,11.19571099
-1.093989409,33.03097698,14.52224967,46.38306781,11.20505072
-1.184469683,33.10155733,14.4860329,46.05173264,11.21431161
-1.274740997,33.17043318,14.45045011,45.71873032,11.22347905
-1.364847063,33.23736446,14.41539811,45.3836262,11.23253567
-1.454885936,33.30336019,14.38061032,45.04754907,11.24152881
-1.544793434,33.36809362,14.34626929,44.71027446,11.25044742
-1.634511107,33.4310761,14.3125463,44.37144147,11.25926333
-1.724083004,33.49225663,14.2793153,44.03090987,11.2679629
-1.813566788,33.55221004,14.24642243,43.68917993,11.27657774
-1.902934544,33.61113704,14.2139233,43.34663426,11.28512149
-1.992112369,33.66818019,14.18207154,43.00255544,11.29355177
-2.081167922,33.72358153,14.15066695,42.65720784,11.30185888
-2.17014817,33.7777171,14.11958205,42.31075992,11.3100708
-2.258994401,33.83083101,14.08892845,41.96364729,11.31820371
-2.347665708,33.88214368,14.05889636,41.61522088,11.32622491
-2.436226959,33.93187194,14.02930129,41.26586454,11.33411175
-2.524692534,33.98019398,14.00008977,40.91547521,11.34188168
-2.613056301,34.02753264,13.97124619,40.56458318,11.34957104
-2.70124425,34.07338386,13.94299775,40.21286488,11.35715743
-2.789294719,34.11746835,13.91528142,39.86029843,11.36459434
-2.877269411,34.16023866,13.88791355,39.50703775,11.37189896
-2.965157176,34.2019451,13.86089802,39.15335086,11.37911508
-3.052867111,34.24241853,13.83446092,38.79928166,11.38623259
-3.140406107,34.28108327,13.80864355,38.44455192,11.39319845
-3.227905675,34.31849804,13.78311163,38.0894619,11.40001678
-3.315293618,34.35476943,13.7580028,37.73413921,11.40672556
-3.402527535,34.38994013,13.73342089,37.37876478,11.41334033
-3.489566611,34.42354073,13.70948488,37.02305437,11.41981762
-3.576579352,34.45583238,13.68583413,36.66724124,11.42613259
-3.663449713,34.48685734,13.66270552,36.31152538,11.43230326
-3.750169889,34.51691983,13.64008476,35.95609676,11.43838421
-3.836730634,34.54568358,13.61801734,35.60056975,11.4443463
-3.92320166,34.57303592,13.59639014,35.24526965,11.45013681
-4.009564206,34.59921781,13.57522932,34.89047983,11.45576003
-4.095748818,34.62438269,13.55465166,34.53632351,11.46127923
-4.181783555,34.64842569,13.53459722,34.18232908,11.46669146
-4.267702543,34.67125703,13.51501845,33.828865,11.47195029
-4.353543257,34.69288238,13.49587985,33.47634729,11.47701015
-4.439163666,34.71343382,13.47743404,33.12489461,11.48194397
-4.524631595,34.73304121,13.45950299,32.77392923,11.48678311
-4.609985145,34.75164685,13.44203014,32.42372351,11.49148382
-4.695271475,34.76903837,13.42499913,32.07482113,11.49597837
-4.780294039,34.78532819,13.40877606,31.72760352,11.50030994
-4.865155539,34.80077081,13.39308827,31.38123927,11.50455042
-4.949891563,34.81531685,13.37788085,31.03589523,11.50865605
-5.034579614,34.82886127,13.363058,30.69204484,11.51258416
-5.118996809,34.84129225,13.34909126,30.35051996,11.51630892
-5.203217163,34.85291056,13.33574793,30.01038943,11.51993124
-5.287306239,34.86368855,13.32290249,29.67154585,11.52342703
-5.371332661,34.8736868,13.31044778,29.33437496,11.52676163
-5.45514143,34.88268724,13.29875274,28.99988546,11.5298893
-5.538685528,34.8908297,13.28785766,28.66762853,11.53287803
-5.622098949,34.89820161,13.27746074,28.33694054,11.53575242
-5.705420734,34.90493699,13.26750728,28.00821965,11.53846131
-5.788589739,34.91083379,13.25817583,27.68222448,11.54099455
-5.871422757,34.91583183,13.24983852,27.35949142,11.54333721
-5.954138184,34.9202069,13.24195951,27.03861011,11.54558059
-6.036717028,34.92393449,13.23464458,26.72021968,11.54764686
-6.119170465,34.92704341,13.22786592,26.40449727,11.54955697
-6.201319822,34.92937731,13.22202968,26.09244758,11.55127426
-6.283317965,34.93110193,13.21674518,25.78302755,11.55287434
-6.365135448,34.93219397,13.21213773,25.47662667,11.55429164
-6.446839753,34.93282004,13.20803058,25.17301081,11.55555201
-6.528266581,34.93276647,13.20481688,24.87325688,11.55663303
-6.60955711,34.93224818,13.20213065,24.57667417,11.55759545
-6.690609607,34.93107247,13.20027152,24.28387867,11.55835966
-6.771545371,34.92949783,13.19893989,23.99429959,11.55894859
-6.852254448,34.92741784,13.19836236,23.70818923,11.55939126
-6.932802013,34.92494228,13.19839782,23.42612477,11.55969457
-7.013120489,34.92190007,13.19923675,23.14815612,11.55981996
-7.093283465,34.91844288,13.2007483,22.87443955,11.55972543
-7.173245715,34.91462481,13.20293057,22.60390347,11.55950207
-7.253077594,34.9104879,13.20565954,22.33755014,11.55914301
-7.332694194,34.90594202,13.20914842,22.07546916,11.55863804
-7.412101013,34.90094531,13.2135137,21.81916655,11.55785376
-7.491318245,34.89565591,13.21852608,21.56614531,11.5569306
-7.570460987,34.89016864,13.22391924,21.31656048,11.55592045
-7.649395487,34.88434066,13.23008135,21.07195494,11.55475023
-7.728096797,34.8781858,13.23721197,20.83401915,11.55329962
-7.806599348,34.87168938,13.24507788,20.6004249,11.55166069
-7.885087375,34.86513948,13.25308744,20.36857854,11.54998767
-7.963382982,34.8583003,13.26186944,20.14250856,11.54814732
-8.041416776,34.85122574,13.27174415,19.92437059,11.54601009
-8.119270288,34.84385008,13.28236726,19.71129102,11.5436608
-8.197118062,34.83644491,13.2930647,19.49923792,11.54128289
-8.274847762,34.82885586,13.30432386,19.29210382,11.5387818
-8.352283309,34.82109052,13.31683862,19.09475181,11.5359501
-8.429557909,34.81310013,13.3301241,18.90330324,11.5328824
-8.506821061,34.80505846,13.34349375,18.71288074,11.5297747
-8.584035228,34.79693218,13.35714975,18.52528236,11.52660086
-8.660970806,34.78870267,13.37211328,18.34908878,11.52308188
-8.737738846,34.78028805,13.38798156,18.1805875,11.51926386
-8.814510664,34.77187232,13.40387281,18.01259196,11.51543244
-8.891262096,34.76338521,13.41987735,17.84573157,11.51156083
-8.967793665,34.75486078,13.43710396,17.69083411,11.5073542
-9.044151408,34.7462218,13.45540524,17.5461011,11.50277103
-9.120514604,34.7375879,13.47371516,17.40168989,11.49818065
-9.196871434,34.72892496,13.49205389,17.25753765,11.49357466
-9.273102189,34.72025785,13.51125774,17.12279529,11.48871082
-9.349152928,34.71156197,13.53182101,17.00244713,11.48334641
-9.425207923,34.70286884,13.55238872,16.88231085,11.47797678
-9.501262918,34.69417571,13.57295643,16.76217458,11.47260714
-9.562132315,34.68768404,13.58965303,16.67033253,11.46857832
-9.56247982,34.68767659,13.58977195,16.67018623,11.46855927
-9.56247982,34.68767659,13.58977195,16.67018623,11.46855927
-9.56247982,34.68767659,13.58977195,16.67018623,11.46855927
-9.56247982,34.68767659,13.58977195,16.67018623,11.46855927
