#size: 500 5
#stance_hip, swing_hip, stance_knee, swing_knee,torso_angle
24.89811514,-12.79293243,7.167421244,18.07066928,7.764855688
24.88882369,-12.85830848,7.153910641,18.14933193,7.746033971
24.87956097,-12.92364051,7.140539262,18.22797779,7.727227198
24.87044906,-12.98887281,7.128652743,18.306785,7.708360945
24.86199576,-13.05375513,7.12348957,18.38650209,7.689162157
24.85459015,-13.11804771,7.128450154,18.46777566,7.669473155
24.84788698,-13.18188775,7.14037895,18.55016874,7.649443947
24.84164368,-13.24542779,7.156927055,18.63324529,7.629181118
24.83631951,-13.30836432,7.181812694,18.71773369,7.608532199
24.8316847,-13.37084933,7.212822771,18.80326463,7.587593695
24.82794416,-13.43269206,7.252741644,18.89030901,7.566176576
24.82471425,-13.49410872,7.29748935,18.97818663,7.54454569
24.82205049,-13.55506084,7.347296426,19.06699719,7.522691995
24.8201999,-13.61534266,7.4044552,19.15722286,7.500462093
24.8191784,-13.67493714,7.468944201,19.2488937,7.477861033
24.81886596,-13.73388197,7.539956063,19.34187278,7.454947555
24.81898034,-13.79235953,7.615089359,19.43569225,7.431827358
24.81981564,-13.8501424,7.696505558,19.53081947,7.408418884
24.8214011,-13.90717916,7.784304602,19.62737021,7.384707666
24.82374004,-13.96339335,7.879129651,19.72549117,7.360618218
24.82657307,-14.01899613,7.978480024,19.82469881,7.336296394
24.8300298,-14.07388164,8.082667365,19.92511745,7.311801479
24.83410839,-14.12784954,8.192656876,20.02708951,7.287019357
24.83873446,-14.18097176,8.307966548,20.1305111,7.261924747
24.84402337,-14.23325411,8.428899483,20.23540652,7.236581203
24.84991277,-14.28472226,8.554747425,20.34162836,7.211037629
24.85634229,-14.33507366,8.685983967,20.449615,7.185218823
24.86322354,-14.38456397,8.821384528,20.55899187,7.159184022
24.8706497,-14.43322028,8.961121288,20.66969138,7.132970331
24.8787105,-14.48073082,9.106444501,20.78216933,7.106505837
24.88714301,-14.52728715,9.255647857,20.89608314,7.079848079
24.89591732,-14.57298006,9.408166549,21.01129563,7.053045397
24.90525066,-14.61727803,9.5657911,21.12860111,7.026022525
24.91512459,-14.66019738,9.72845107,21.24794987,6.998771105
24.92528429,-14.70227406,9.893988902,21.36848621,6.97139968
24.9358241,-14.74323016,10.06323191,21.49063608,6.943882909
24.94674542,-14.7828348,10.23628367,21.61469356,6.916212283
24.95794863,-14.82118918,10.41263922,21.74050668,6.888386412
24.96950538,-14.85832779,10.59265982,21.86802456,6.860429
24.98137055,-14.89411819,10.77599558,21.99739433,6.832365478
24.99349388,-14.92845401,10.96248591,22.12875543,6.804181582
25.00581349,-14.96146139,11.15177888,22.26189418,6.775873667
25.01834105,-14.99305023,11.34399997,22.39688366,6.747495973
25.03109282,-15.02310898,11.53907692,22.53389633,6.719060715
25.04394914,-15.05184509,11.73629172,22.67266458,6.690547631
25.05695714,-15.07899373,11.93630362,22.81352136,6.661925389
25.07007032,-15.10444299,12.13891645,22.95655828,6.633259874
25.08325867,-15.12815576,12.34397958,23.10179372,6.604580416
25.0964894,-15.15090836,12.55020766,23.24820784,6.575884351
25.10970169,-15.17195071,12.75834189,23.39677409,6.547132972
25.12289918,-15.19083754,12.96894556,23.54809024,6.518368984
25.13601031,-15.20782954,13.18131433,23.70174819,6.489629683
25.149083,-15.22346822,13.39507882,23.8570319,6.46088166
25.16204436,-15.23759702,13.60996021,24.01413364,6.432146206
25.17482137,-15.24967527,13.82622134,24.17372896,6.403460688
25.18743932,-15.25995264,14.0436835,24.33552574,6.374830833
25.19984216,-15.26823995,14.26248472,24.49968305,6.346223359
25.21204317,-15.27505604,14.48204343,24.66557519,6.317652616
25.22387221,-15.27955609,14.70232262,24.8341956,6.289197917
25.23540472,-15.28223989,14.92318939,25.00494103,6.260846626
25.24661497,-15.28308122,15.14464577,25.17781813,6.232553226
25.25749604,-15.28205576,15.36668243,25.35285606,6.204339976
25.26787107,-15.27873716,15.58899164,25.53055379,6.176269207
25.27774699,-15.27320904,15.81149979,25.71077025,6.148344206
25.28725134,-15.26625266,16.03390588,25.8925537,6.120520877
25.29637623,-15.25752972,16.25642127,26.07632896,6.092817131
25.30480236,-15.246214,16.47873754,26.26304194,6.065301048
25.31244677,-15.23214796,16.70071548,26.45283586,6.037989005
25.31958882,-15.21645126,16.92246064,26.64440367,6.010790332
25.32624093,-15.19916596,17.14370867,26.83768708,5.983749838
25.33222811,-15.17969897,17.36432838,27.03336922,5.956929805
25.33729648,-15.15739357,17.58407142,27.23214923,5.930376995
25.34162716,-15.13298954,17.80313042,27.43317595,5.903994262
25.34528146,-15.10690857,18.02134276,27.63596577,5.877771291
25.34812539,-15.07863371,18.23847751,27.84110872,5.85179565
25.35002303,-15.04769381,18.45443715,28.04908384,5.826123672
25.35108058,-15.01440051,18.66934117,28.25954456,5.800690124
25.35135778,-14.97937831,18.8830473,28.47177806,5.775448477
25.35059941,-14.94211304,19.09509143,28.68633119,5.75048176
25.34880741,-14.90242165,19.30559422,28.9033564,5.725817179
25.34606486,-14.86029602,19.51475008,29.12287455,5.701450055
25.34239846,-14.81598382,19.72242254,29.34465724,5.677348549
25.33780178,-14.76983122,19.92841188,29.5682957,5.653498913
25.3318839,-14.72109574,20.13211055,29.79446804,5.629992426
25.32479152,-14.66989781,20.33389745,30.02302505,5.606812393
25.31671319,-14.61640919,20.53405726,30.25389495,5.583948427
25.30764007,-14.56090779,20.73238904,30.48677773,5.561385255
25.29748404,-14.5034532,20.92866016,30.72152654,5.539121646
25.28575887,-14.44317199,21.12207694,30.95891032,5.517266115
25.27287628,-14.38063123,21.31340716,31.1984151,5.495737834
25.25889419,-14.3158442,21.50274833,31.44012769,5.474549751
25.24382193,-14.24905798,21.6900152,31.68375847,5.453679807
25.22729481,-14.17979966,21.87444802,31.92961819,5.433225623
25.20934801,-14.10816813,22.05613881,32.17757585,5.413153739
25.19029994,-14.03458961,22.23568866,32.42727614,5.393398904
25.17002449,-13.95882581,22.4128583,32.67901197,5.374000153
25.14827498,-13.88049371,22.58718994,32.93308334,5.355037867
25.12511006,-13.79986416,22.75869229,33.18913228,5.336492137
25.10061293,-13.71715288,22.92748736,33.44690714,5.318301156
25.07503455,-13.63268833,23.09410682,33.70618209,5.30040645
25.04783926,-13.54562626,23.2574386,33.96769977,5.283002386
25.01916347,-13.45617947,23.41781466,34.2312385,5.266058039
24.98913161,-13.3646437,23.57538944,34.49645695,5.249498701
24.95797261,-13.27139927,23.73066002,34.76302495,5.233220378
24.92520155,-13.17573385,23.8825833,35.03154791,5.21739403
24.89070647,-13.07743772,24.03092487,35.30217009,5.202126574
24.85515736,-12.97758166,24.17705278,35.57397947,5.187187048
24.81837702,-12.87594023,24.32059904,35.8471018,5.172577123
24.78010863,-12.77216493,24.46100944,36.12181005,5.158366074
24.73975457,-12.66533694,24.59703661,36.39883538,5.144776778
24.69818034,-12.55678767,24.73043794,36.67707022,5.131579207
24.65565892,-12.44691955,24.86179748,36.9561861,5.118661305
24.61183342,-12.33521811,24.99038517,37.23656941,5.106102997
24.56608925,-12.22083823,25.11486701,37.51880968,5.094095725
24.51846631,-12.10396749,25.23522697,37.80261752,5.08266864
24.47004484,-11.98603072,25.35382915,38.08707685,5.071483751
24.42044926,-11.86647511,25.46989111,38.37254587,5.060645297
24.36922571,-11.74472568,25.58243387,38.65937812,5.050277347
24.31610254,-11.62041059,25.69080987,38.94777349,5.040467508
24.26153212,-11.49431242,25.7959218,39.23705182,5.031097373
24.20613179,-11.36717147,25.8991699,39.52687292,5.021978014
24.14946126,-11.23840142,25.99961135,39.81755388,5.013252361
24.0911029,-11.10739471,26.09632679,40.10939624,5.005024832
24.03094343,-10.97406811,26.18899746,40.40239364,4.997319887
23.96958263,-10.83929787,26.27892729,40.69601959,4.989967083
23.90714979,-10.70324015,26.36642783,40.99018302,4.982956015
23.84348642,-10.5656662,26.45113126,41.28487764,4.976335032
23.77847254,-10.42641549,26.53274034,41.58017027,4.970113477
23.71154285,-10.28479222,26.60996586,41.87639437,4.964457194
23.64332768,-10.14162371,26.68426751,42.17323421,4.959173364
23.57421281,-9.997419867,26.75648471,42.47029884,4.954182392
23.50406998,-9.851999387,26.82628242,42.76752954,4.949519389
23.43243606,-9.704804449,26.89258368,43.06514863,4.945305137
23.35891444,-9.555397813,26.95447941,43.36335231,4.941656696
23.28434893,-9.404789971,27.01396398,43.66189507,4.938315826
23.2090779,-9.253367195,27.07175747,43.96034668,4.935203488
23.13263595,-9.100595718,27.12672623,44.25876414,4.932463473
23.05442527,-8.945801153,27.17748799,44.55739082,4.930265157
22.97480027,-8.789447111,27.22488847,44.85617251,4.92848864
22.89452021,-8.632377367,27.27070291,45.15485983,4.926912832
22.81340935,-8.474354078,27.31447981,45.45335438,4.925606429
22.73078808,-8.314620221,27.35456921,45.75167195,4.924778459
22.64663231,-8.153226867,27.39092427,46.04975115,4.924415912
22.56155821,-7.990861253,27.4250526,46.34767179,4.924325645
22.47594434,-7.827920204,27.45781595,46.6453286,4.924411908
22.38910048,-7.663641583,27.48747663,46.94250736,4.924905279
22.30082774,-7.497810864,27.51357525,47.23912172,4.925843707
22.21150813,-7.330890899,27.53705965,47.53519169,4.927097397
22.1214447,-7.163227417,27.55869822,47.83087164,4.928569309
22.03051841,-6.994625382,27.57809274,48.12605902,4.930337746
21.93835156,-6.824711398,27.59429536,48.42052408,4.932507293
21.84526378,-6.653878233,27.60807588,48.71401608,4.934980403
21.75140093,-6.482279383,27.61988567,49.0068147,4.937680361
21.65660782,-6.309741039,27.62930297,49.29886345,4.940667018
21.56071701,-6.13604197,27.63582478,49.59016194,4.94401774
21.46411518,-5.961615988,27.64039394,49.88055827,4.947612586
21.36681787,-5.786570715,27.64304774,50.16965919,4.951446626
21.26863212,-5.610691977,27.6433702,50.45771824,4.955545698
21.16938141,-5.433731785,27.6408616,50.74471464,4.959980614
21.06942988,-5.256031867,27.63637938,51.03074908,4.964660742
20.96901323,-5.077899455,27.63052754,51.31569786,4.969514651
20.86788911,-4.899173798,27.62270958,51.59923824,4.974598689
20.76573223,-4.719495048,27.61204553,51.88114617,4.980012144
20.66279535,-4.539052108,27.59919329,52.16179758,4.985683824
20.55944066,-4.358191343,27.58505273,52.44133381,4.991506822
20.45564867,-4.176955737,27.56958773,52.7196296,4.99748976
20.35098694,-3.994958795,27.55163026,52.99607561,5.003760485
20.24551816,-3.812249917,27.53131786,53.27069327,5.010307463
20.13956778,-3.629132172,27.50950745,53.54379604,5.017027003
20.03330242,-3.445754317,27.48665437,53.81567145,5.023858223
19.92648765,-3.261904584,27.46209831,54.08588083,5.030879232
19.81890596,-3.077377423,27.43518792,54.35399932,5.038183307
19.71082763,-2.892484125,27.4066502,54.62024176,5.045675276
19.6024392,-2.707468415,27.37697571,54.88459935,5.053277051
19.49368134,-2.5221757,27.34601527,55.14728577,5.061007748
19.38440014,-2.33640495,27.31329196,55.40797003,5.068947094
19.27457168,-2.150195618,27.27877812,55.66659147,5.077102196
19.1644095,-1.963799594,27.24310175,55.92337641,5.08537848
19.05392443,-1.777267467,27.20630825,56.17812464,5.093752453
18.94307953,-1.590458531,27.16826152,56.43091445,5.102264146
18.8316933,-1.403203564,27.12837842,56.68120181,5.110996121
18.71994705,-1.215675721,27.08722064,56.92958878,5.119869924
18.60798209,-1.028090408,27.04519365,57.17624824,5.128823029
18.49579953,-0.840508747,27.00218742,57.42051806,5.137862995
18.38332943,-0.652779173,26.95796264,57.66233061,5.147047116
18.27036159,-0.464744706,26.91187875,57.90090943,5.156430723
18.15720686,-0.27663405,26.86496424,58.13781099,5.165892452
18.04397966,-0.088598191,26.8174669,58.37297803,5.175409123
17.93057084,0.099487489,26.76913142,58.60600174,5.185020209
17.81675258,0.287819641,26.7194173,58.83614081,5.194784112
17.70249,0.47643605,26.66820836,59.0633095,5.20468844
17.58796276,0.665285611,26.61628292,59.28914274,5.214663477
17.47319047,0.854391504,26.5636543,59.51322947,5.22473771
17.35815178,1.043791836,26.51024038,59.73557207,5.234919596
17.24272625,1.233444985,26.45564923,59.95516022,5.245212834
17.12689479,1.423350251,26.39992081,60.17202652,5.255612338
17.01072474,1.613501117,26.34323247,60.38648942,5.26611648
16.89433249,1.803920816,26.28591452,60.59919391,5.276706218
16.77772259,1.994572463,26.22796157,60.8099942,5.287373223
16.66089232,2.185343823,26.16936546,61.01880059,5.29811375
16.5437578,2.37614669,26.10959512,61.22369011,5.308960331
16.42640192,2.567021773,26.04897144,61.42552938,5.319882941
16.3089063,2.757977843,25.98781832,61.6251389,5.330870847
16.19126815,2.949018629,25.92622296,61.82301075,5.341918068
16.07351299,3.140010407,25.86401708,62.01789586,5.353032483
15.95560485,3.330921726,25.80105179,62.20927901,5.364215616
15.83754213,3.521786511,25.73738569,62.39749709,5.375464371
15.71938702,3.712618708,25.67326134,62.58326759,5.386762601
15.60123815,3.903269304,25.60882671,62.76611788,5.398094193
15.48304169,4.093729227,25.5439063,62.94596907,5.409475399
15.36477894,4.283948089,25.47832206,63.12225654,5.42091812
15.2465394,4.473789791,25.41228093,63.29469685,5.432386435
15.12836464,4.663355613,25.34599,63.4642007,5.443891598
15.01027357,4.852621116,25.27949818,63.63100657,5.455428318
14.8922767,5.041467472,25.2126751,63.79432439,5.466986281
14.77435682,5.229864351,25.14547345,63.95418905,5.478567159
14.65658321,5.41761845,25.0779264,64.10964723,5.490177038
14.53898742,5.604749393,25.01014521,64.26120409,5.501799595
14.42156285,5.791430859,24.94223512,64.40994742,5.513434253
14.3043169,5.977624189,24.87418656,64.55571324,5.525077592
14.18733877,6.162986838,24.80601898,64.6970079,5.53673617
14.07060016,6.347585172,24.73769258,64.83424514,5.548401002
13.95406424,6.531590233,24.66921315,64.96831929,5.560061905
13.83776698,6.714805449,24.60055091,65.09819503,5.57170967
13.72175627,6.897284681,24.53190843,65.22472115,5.583370258
13.60606833,7.078962884,24.4632895,65.34764471,5.595037504
13.49072137,7.259686823,24.39464382,65.46620156,5.606678875
13.37565855,7.439585167,24.32592769,65.58130092,5.618300465
13.26090533,7.618664286,24.25715049,65.69294642,5.629939143
13.14657442,7.79669448,24.18848435,65.80015524,5.641563146
13.03261956,7.973722479,24.11988666,65.90352979,5.653146869
12.91897896,8.149909177,24.05125299,66.00381575,5.664724811
12.80573961,8.325093249,23.98269989,66.10031598,5.676291175
12.69298145,8.499013756,23.91429209,66.19185843,5.687826349
12.58056906,8.6721092,23.84594061,66.28092045,5.699336145
12.46857081,8.844167611,23.77762506,66.36628914,5.710840544
12.35704774,9.014948125,23.70943519,66.44685846,5.722317828
12.24595029,9.184655769,23.64139889,66.52398077,5.733763894
12.13523946,9.353421999,23.57343239,66.59829416,5.745177243
12.02497248,9.521040323,23.50555764,66.66866924,5.756560018
11.91516737,9.68747151,23.43784711,66.73503166,5.767923062
11.80577229,9.852874394,23.37026307,66.79822937,5.779270384
11.69676426,10.01727487,23.30275811,66.85832409,5.790591391
11.58814954,10.18051818,23.23531818,66.91446091,5.801864038
11.47994957,10.3426019,23.1679605,66.96671326,5.813118425
11.37217242,10.50353831,23.10069405,67.01523938,5.824358252
11.26475666,10.66359092,23.03355804,67.06131916,5.835572357
11.1576876,10.82268747,22.96653291,67.10449703,5.846747822
11.05100186,10.98064256,22.89959674,67.14380237,5.857905497
10.94465239,11.13746414,22.83260917,67.17909842,5.869053079
10.83861619,11.29333038,22.76564141,67.2112016,5.8801734
10.73287763,11.44825388,22.69873188,67.24010995,5.891267666
10.62739835,11.60240311,22.63191706,67.2666254,5.902345404
10.52215093,11.75577835,22.56509323,67.29064399,5.913414693
10.41715944,11.90806768,22.49817516,67.31024701,5.92448317
10.31242481,12.0592872,22.4312515,67.32549127,5.935538145
10.20786198,12.2097993,22.36432446,67.33815224,5.946579109
10.10341352,12.35976431,22.2973212,67.34878617,5.95762448
9.999016928,12.50912623,22.23012204,67.35670317,5.968665615
9.894646753,12.65778881,22.16274979,67.36097123,5.979700694
9.790191556,12.80588506,22.09521468,67.36091373,5.990782003
9.685526114,12.95377142,22.02741681,67.35762464,6.001927466
9.580545808,13.10170262,21.95922679,67.35216637,6.013115433
9.47526766,13.24942365,21.89064359,67.34330409,6.024354452
9.369694461,13.39693154,21.82171011,67.33086252,6.035647808
9.263789736,13.5443089,21.75242136,67.31490299,6.047001549
9.157556882,13.69147063,21.68274167,67.29493816,6.05843217
9.050942795,13.83860572,21.61266348,67.27178579,6.069929779
8.943929024,13.98555739,21.54211774,67.24453311,6.081505893
8.83649016,14.1325103,21.47113317,67.21394143,6.09315832
8.728616266,14.27938068,21.39970449,67.17954253,6.104892133
8.620315524,14.42596879,21.32780916,67.1405425,6.116710437
8.511574721,14.57246075,21.2554687,67.09753857,6.12862102
8.402400345,14.71886805,21.18264949,67.05072816,6.140616435
8.292771896,14.86519171,21.10934035,67.00012609,6.152691638
8.182735739,15.01116437,21.03562916,66.94480364,6.164863312
8.07229456,15.15671711,20.9614955,66.88440548,6.17712101
7.961463197,15.30186698,20.88688188,66.81903079,6.189478462
7.850247654,15.44686005,20.81189021,66.75006187,6.201931191
7.738613225,15.59163787,20.73644064,66.67740946,6.214464152
7.62661962,15.73574727,20.66054459,66.59912368,6.227081091
7.514271424,15.87945799,20.58428064,66.51616531,6.239779423
7.401660295,16.02247044,20.50777002,66.42801093,6.25258683
7.288718316,16.16490671,20.4308807,66.33498574,6.265482616
7.175492887,16.30659671,20.35363838,66.23659596,6.278469569
7.061980569,16.44795622,20.27612164,66.13460063,6.291540688
6.94816247,16.58852161,20.19821647,66.02739886,6.304696139
6.834106849,16.72824282,20.12007267,65.91489205,6.317928334
6.719834296,16.86721228,20.04172184,65.79763603,6.331228877
6.605418894,17.00508952,19.96321061,65.67437063,6.34463959
6.490793548,17.14226927,19.88444464,65.54684407,6.35812099
6.375979232,17.2786531,19.80550917,65.41503291,6.371657282
6.261004287,17.41403734,19.72637558,65.27811228,6.385259037
6.145985098,17.54815839,19.64723642,65.13545515,6.398947495
6.030866889,17.68155061,19.5680304,64.989276,6.41267756
5.915711896,17.81369573,19.48880772,64.83780051,6.426470955
5.800528039,17.94473392,19.40956727,64.68139734,6.440336535
5.685343597,18.07447643,19.33035672,64.52004185,6.454238429
5.570178137,18.20327962,19.25122005,64.35499734,6.468187161
5.455055167,18.33086913,19.17216315,64.18575631,6.482166283
5.340057527,18.45709149,19.09330513,64.01152787,6.496190793
5.225206655,18.58203733,19.01469302,63.83304521,6.510247782
5.110469574,18.7058172,18.93624751,63.65093832,6.524315119
4.995897684,18.82818351,18.85804006,63.46466839,6.538402471
4.88156828,18.94928398,18.7802119,63.27470055,6.552505295
4.767493526,19.06894312,18.7027288,63.08062375,6.566619607
4.653658611,19.1874756,18.62556851,62.88393965,6.58071198
4.540111021,19.3046848,18.54880476,62.68407139,6.594812814
4.426926522,19.42051713,18.47255105,62.48084899,6.608882737
4.31412163,19.53473098,18.39682339,62.27373608,6.622968005
4.201745049,19.64749183,18.32168098,62.0634847,6.637017154
4.089755134,19.75921075,18.24704129,61.85162221,6.651029272
3.978221974,19.86948211,18.17297884,61.63683946,6.665031843
3.867180224,19.9782878,18.09959801,61.41968181,6.678954287
3.756649174,20.08582414,18.02687042,61.20041545,6.692859897
3.646704409,20.19176873,17.95491864,60.97832556,6.706717595
3.537335113,20.29634105,17.88372092,60.75432509,6.720517345
3.428498334,20.39978174,17.81315561,60.52920768,6.734265498
3.320225758,20.50198479,17.74327646,60.30312887,6.747914046
3.212621498,20.60272604,17.67424242,60.07509326,6.76151364
3.105733272,20.70200844,17.60613319,59.84524996,6.775066259
2.999492766,20.80009799,17.53881365,59.61448172,6.788525879
2.893926526,20.89692145,17.47227551,59.38276843,6.801905695
2.789132184,20.99220576,17.40675609,59.14959564,6.815207467
2.685012322,21.0864154,17.34198778,58.91602914,6.82842935
2.581622574,21.17953033,17.2780408,58.68243214,6.841571115
2.478959487,21.27123898,17.21507664,58.44746715,6.854641379
2.37694984,21.36186644,17.1529374,58.21170756,6.86762894
2.27563668,21.45129946,17.09173135,57.97516806,6.880537708
2.175002577,21.53951413,17.03143137,57.73772839,6.893391026
2.075023579,21.62677769,16.97189227,57.50000836,6.906175482
1.975742815,21.71285417,16.91333552,57.26150293,6.918871887
1.877136764,21.79770082,16.85577321,57.02195022,6.931499596
1.779064155,21.88172176,16.79884915,56.78195578,6.944070111
1.681606,21.96481357,16.74272258,56.54158617,6.956578523
1.584918329,22.04640102,16.68781457,56.29965558,6.969009088
1.488759438,22.12724461,16.63354372,56.05781062,6.981371205
1.393102396,22.20753119,16.57984603,55.81629775,6.993679067
1.298136926,22.28660797,16.5271839,55.57386576,7.005902221
1.203869252,22.36444189,16.47556006,55.3301513,7.018061006
1.110187222,22.44137852,16.42471897,55.0859742,7.030161165
1.017038678,22.51760987,16.37456486,54.84196439,7.042198951
0.92443596,22.59308483,16.32514746,54.59780882,7.054179721
0.832347685,22.66777638,16.27648048,54.35324703,7.06608641
0.740783561,22.74141893,16.22870349,54.10735043,7.077941423
0.649662354,22.81418584,16.18168371,53.86048964,7.089748879
0.558907673,22.88643674,16.1352321,53.6132318,7.101523026
0.468494288,22.95818298,16.08933113,53.36572882,7.113255755
0.37848718,23.02918767,16.04415752,53.11751904,7.124929697
0.288926647,23.09919774,15.99982641,52.86798226,7.136547882
0.199739841,23.16854683,15.95615541,52.61745377,7.148139684
0.110865935,23.23741114,15.91302545,52.36634075,7.159708493
0.022299091,23.30570701,15.8705072,52.11454568,7.171236956
-0.06603195,23.37327414,15.8286677,51.86134433,7.182718656
-0.154197753,23.44022536,15.78736879,51.60661021,7.194182373
-0.242223307,23.50659937,15.74657958,51.35036315,7.205629743
-0.33009882,23.57239733,15.70635552,51.09281147,7.217044229
-0.417785662,23.63754749,15.66678713,50.83375601,7.228423347
-0.50532245,23.70219937,15.62776667,50.57318644,7.239799804
-0.592746276,23.76633785,15.58922995,50.31108237,7.251175739
-0.680017481,23.82969937,15.55131301,50.04692986,7.26251584
-0.767118107,23.89227485,15.51409297,49.78104322,7.273797417
-0.854103981,23.95431627,15.47744954,49.51394071,7.285043471
-0.941085574,24.0161696,15.44110417,49.24582051,7.296306817
-1.027954887,24.07742506,15.40534803,48.97568361,7.307567244
-1.114652224,24.13771117,15.37036409,48.70296315,7.318779236
-1.201257352,24.19730605,15.3359758,48.42837281,7.329948144
-1.287832618,24.25649918,15.30205098,48.15256343,7.341100415
-1.374355733,24.31526928,15.26865769,47.87518726,7.352247789
-1.460816746,24.37339577,15.23585499,47.59575913,7.363366266
-1.547228811,24.43085866,15.20359816,47.31421498,7.374457225
-1.633568049,24.48755994,15.17195823,47.03048553,7.385515371
-1.719862196,24.54368165,15.14087476,46.7447861,7.396560513
-1.806084506,24.59926518,15.11043022,46.4574667,7.407566777
-1.892231886,24.65421795,15.08062521,46.16815833,7.418535779
-1.978363612,24.7085097,15.05133939,45.8769776,7.429464077
-2.064433631,24.76195401,15.02269211,45.58338224,7.440355682
-2.150475006,24.81484897,14.99457184,45.28778501,7.451238161
-2.236431032,24.86707308,14.9671575,44.9901089,7.46207905
-2.322300477,24.9185648,14.9404371,44.69033501,7.472871079
-2.408133243,24.96927412,14.91431369,44.38854515,7.483613018
-2.493941831,25.01930006,14.88873184,44.08481255,7.494310227
-2.579674974,25.06860032,14.86381383,43.77885644,7.504967272
-2.665288607,25.11704283,14.83969423,43.47058232,7.515563748
-2.750836992,25.16468858,14.81624642,43.16024347,7.526107954
-2.836395164,25.21170149,14.79326449,42.84794296,7.536618906
-2.921865145,25.25784126,14.77098426,42.5334139,7.547072882
-3.007213369,25.30305549,14.74952575,42.21656129,7.557447484
-3.092463566,25.34744299,14.72881537,41.89760705,7.567757284
-3.177651239,25.39097747,14.7087629,41.57659135,7.577995404
-3.262769327,25.43356578,14.6893886,41.25321456,7.588166544
-3.347871769,25.47548718,14.67054707,40.92795615,7.598291483
-3.432803218,25.51628884,14.65264976,40.6002631,7.608312371
-3.517628954,25.55619049,14.63550248,40.27054923,7.61825036
-3.602354885,25.59505599,14.6191174,39.9384971,7.628106208
-3.687046832,25.63312414,14.60331637,39.60439936,7.637903086
-3.771647488,25.67025547,14.58824315,39.26815681,7.647611728
-3.856058108,25.70617785,14.57412634,38.92963292,7.657192762
-3.940411712,25.7412669,14.56064464,38.58931657,7.666685875
-4.024670106,25.77523605,14.54792826,38.24662227,7.676084281
-4.108842148,25.80822819,14.53591328,37.90172098,7.685398437
-4.19282102,25.83996644,14.52488085,37.55474245,7.694558689
-4.276728685,25.87091181,14.51448737,37.20621931,7.703632268
-4.360489068,25.90058703,14.50497505,36.85525558,7.712582783
-4.444103275,25.92893674,14.49633211,36.50176098,7.721403658
-4.527667369,25.95648778,14.48827463,36.14672286,7.73012908
-4.611130898,25.98303168,14.4809425,35.79011709,7.738718579
-4.694422821,26.00822487,14.47452977,35.43108729,7.747168893
-4.777516699,26.03201724,14.46910085,35.0698024,7.75545655
-4.860581545,26.05508758,14.46420675,34.70750966,7.763633338
-4.943460753,26.07678597,14.46027993,34.3433173,7.77164267
-5.026107035,26.09679309,14.45742828,33.97655026,7.779450314
-5.108724458,26.11602694,14.45506274,33.60832684,7.787164971
-5.191308933,26.13449675,14.45321589,33.23885644,7.79477944
-5.273639522,26.15129742,14.45251656,32.8672622,7.802175405
-5.355732346,26.16649074,14.4528965,32.49382847,7.809340226
-5.43779152,26.18090199,14.4537852,32.11959607,7.816376994
-5.519759066,26.19418333,14.45534894,31.74364256,7.823283608
-5.601529959,26.20592329,14.45786188,31.36576416,7.829977441
-5.683128218,26.2165589,14.46125268,30.98722308,7.836466134
-5.764553251,26.22580859,14.46555721,30.60751372,7.842733959
-5.845802147,26.23349117,14.47078443,30.2260688,7.848792734
-5.927003679,26.24035036,14.47649076,29.84347637,7.854735853
-6.008126523,26.24631627,14.48277174,29.46005736,7.860522651
-6.088993779,26.25056972,14.49019416,29.07552001,7.866023975
-6.169656062,26.25322307,14.49861057,28.69006162,7.871256888
-6.250225136,26.25507248,14.507644,28.30439639,7.876331698
-6.330684747,26.25580306,14.51736509,27.91813064,7.881201428
-6.410923826,26.25491,14.52810485,27.5309,7.885794206
-6.491029123,26.25295976,14.53954982,27.14324034,7.890194508
-6.571022588,26.24993894,14.5516566,26.75531775,7.894383125
-6.65085214,26.24560389,14.56460813,26.36693871,7.898327338
-6.73048024,26.23988242,14.57853539,25.97872177,7.901983377
-6.809996472,26.23340326,14.59305618,25.59075911,7.905469035
-6.889359202,26.22558499,14.6083644,25.20263334,7.908687975
-6.968533873,26.21648595,14.62457028,24.81488337,7.911636573
-7.047565016,26.2063668,14.64152387,24.42772722,7.914328478
-7.126489387,26.19531459,14.65909156,24.04112582,7.916784207
-7.205178856,26.18294754,14.67768208,23.65540274,7.9189515
-7.283704189,26.16964141,14.69704712,23.27070685,7.920882687
-7.36211221,26.15535437,14.71703737,22.88663532,7.922557476
-7.440375544,26.13993818,14.73777107,22.50340703,7.923944948
-7.518456365,26.12368878,14.75930352,22.12186661,7.925104295
-7.596375413,26.10664027,14.78157048,21.74198806,7.926011782
-7.674100825,26.08842424,14.80475278,21.36403288,7.926563155
-7.751633161,26.06935596,14.82877461,20.98818157,7.926840014
-7.829044723,26.04959104,14.85336655,20.61390432,7.926893152
-7.906324046,26.02891399,14.87860839,20.24119947,7.926664372
-7.983390566,26.00757114,14.90471084,19.87120378,7.926163241
-8.060236747,25.98542722,14.93176227,19.50447943,7.925346685
-8.136906472,25.96249778,14.95959405,19.14056345,7.924214871
-8.213460897,25.93903958,14.98791575,18.7785557,7.922874823
-8.289842509,25.91500606,15.01694943,18.41936247,7.921272489
-8.36598384,25.89025605,15.0469575,18.06409059,7.919317968
-8.44193462,25.86503409,15.07773764,17.71250241,7.917079374
-8.517713095,25.83929148,15.10925802,17.36459781,7.914536152
-8.593333045,25.81306157,15.14143733,17.01997313,7.911726724
-8.668733642,25.78645961,15.17437907,16.67894693,7.908661088
-8.743929633,25.75941756,15.20810518,16.34199804,7.905289879
-8.818917176,25.73203466,15.24266922,16.00988051,7.901591389
-8.893726111,25.70440683,15.27792358,15.6821395,7.897634292
-8.968336783,25.67648436,15.31391069,15.3587364,7.893379833
-9.042747039,25.64832931,15.35060291,15.03955309,7.888847172
-9.116957396,25.62000371,15.38802513,14.72516157,7.884036043
-9.190909194,25.59154464,15.42637036,14.41681529,7.878891788
-9.264640095,25.56291604,15.46555298,14.11401038,7.873409353
-9.338195596,25.53422173,15.50527688,13.81499015,7.86771373
-9.411552902,25.50554455,15.54565898,13.52088298,7.861778352
-9.484650588,25.47691048,15.58697318,13.2336371,7.855492784
-9.557529355,25.44823572,15.62907244,12.95231656,7.848865452
-9.630206017,25.41961607,15.67178101,12.6756648,7.841998694
-9.70265483,25.39115486,15.71516456,12.40411191,7.834907908
-9.774819173,25.36289085,15.75958216,12.14054431,7.82743445
-9.846764343,25.33474113,15.80476789,11.8834591,7.819627969
-9.918544365,25.30668795,15.85032997,11.62988927,7.811661452
-9.990069766,25.27891607,15.89658941,11.38175849,7.803465723
-10.06130706,25.25152308,15.94389866,11.14218094,7.794866931
-10.13225728,25.22448664,15.99219326,10.91077902,7.785897719
-10.20303687,25.19757392,16.04087471,10.68328082,7.776755058
-10.27358731,25.1709897,16.09019941,10.46157054,7.767371511
-10.34386298,25.14479786,16.140336,10.24662032,7.757686759
-10.41385082,25.11909203,16.19136361,10.03906452,7.747694451
-10.48358603,25.09382973,16.24315023,9.838416564,7.73742333
-10.55307058,25.06896473,16.29565994,9.644657889,7.726838391
-10.6223347,25.04443585,16.34872567,9.456251839,7.716029592
-10.69137077,25.0202152,16.40225603,9.271827341,7.705082296
-10.7600131,24.99686307,16.45716446,9.098763871,7.693658342
-10.82835939,24.97411372,16.51297339,8.933888325,7.681884648
-10.89651597,24.95166935,16.56914176,8.773001597,7.669958192
-10.96452534,24.92938668,16.62545519,8.614111353,7.657980714
-11.03222783,24.90767391,16.68260178,8.462201697,7.645723718
-11.09937778,24.88735206,16.74179734,8.327128045,7.63273342
-11.16631519,24.8673895,16.80139334,8.196144892,7.619594676
-11.23308245,24.8475261,16.86089186,8.065894981,7.606484895
-11.29888284,24.82798106,16.91950186,7.937701292,7.59356766
-11.32678133,24.81985744,16.94458924,7.884661995,7.588178624
-11.32678133,24.81985744,16.94458924,7.884661995,7.588178624
-11.32678133,24.81985744,16.94458924,7.884661995,7.588178624
-11.32678133,24.81985744,16.94458924,7.884661995,7.588178624
-11.32678133,24.81985744,16.94458924,7.884661995,7.588178624
