#size: 500 5
#stance_hip, swing_hip, stance_knee, swing_knee,torso_angle
19.74244023,-11.50510794,14.27479819,22.67335024,11.25179419
19.75039018,-11.54925675,14.41656962,22.74355083,11.2392588
19.75834013,-11.59340556,14.55834104,22.81375141,11.2267234
19.76629008,-11.63755436,14.70011247,22.88395199,11.21418801
19.7741778,-11.68129305,14.84189768,22.95491094,11.20169544
19.78157604,-11.72217567,14.98369302,23.03117222,11.18943386
19.78831447,-11.76029357,15.12499858,23.11261489,11.17737417
19.79497276,-11.79815608,15.26620121,23.19450901,11.16533796
19.80155983,-11.8354806,15.40743858,23.27739421,11.1533579
19.80786421,-11.87164303,15.54852065,23.36233292,11.14147242
19.81347504,-11.90443406,15.68919304,23.45346752,11.12983397
19.81853561,-11.93557607,15.82916686,23.54758018,11.11832007
19.82348163,-11.96615,15.96906712,23.64271763,11.10686457
19.82817554,-11.99593919,16.10873478,23.73918814,11.09547993
19.83231998,-12.02337994,16.24787246,23.83982295,11.08425472
19.83578816,-12.0481142,16.38641659,23.94532872,11.07323257
19.83884939,-12.07182098,16.52436993,24.05264937,11.06229433
19.84148259,-12.09426205,16.66175715,24.16209384,11.05146564
19.84380006,-12.11563049,16.79872638,24.27337153,11.04069507
19.84543149,-12.13401921,16.9350565,24.38991146,11.03016531
19.84646047,-12.15063861,17.07063757,24.50950213,11.01976366
19.84682226,-12.16562316,17.20518252,24.63182383,11.00948474
19.84690201,-12.1798601,17.33926863,24.75539202,10.99925161
19.84646195,-12.1918076,17.47278517,24.88289503,10.98920173
19.84514101,-12.20102763,17.60510726,25.01500621,10.97935189
19.84320598,-12.20866399,17.73657093,25.14973354,10.9696206
19.84075266,-12.21514108,17.86713189,25.28638294,10.95997404
19.83781875,-12.21990697,17.99697133,25.42586126,10.95043196
19.83407664,-12.2219968,18.12563221,25.56979617,10.94111782
19.82957999,-12.22199044,18.25329582,25.71713581,10.93195094
19.8244293,-12.22030951,18.37983735,25.86720013,10.9229163
19.81875629,-12.21737423,18.50539693,26.01928679,10.9139443
19.8124558,-12.21228907,18.63007891,26.17485739,10.90515019
19.80515526,-12.20442799,18.75315854,26.33486766,10.89656706
19.79715839,-12.19452841,18.87514263,26.49810648,10.8881445
19.78874941,-12.18374212,18.9963214,26.66277136,10.87977346
19.77958027,-12.17096261,19.11620596,26.83055494,10.87153941
19.7693373,-12.15494964,19.23430155,27.00339475,10.86356784
19.75838099,-12.13708778,19.35118101,27.17910741,10.85572681
19.74709727,-12.11826898,19.46754215,27.35630771,10.84797671
19.73487775,-12.09714858,19.58210315,27.53702937,10.84037798
19.7216483,-12.07300733,19.69494955,27.72235036,10.83302979
19.70774799,-12.04726933,19.80654261,27.91011175,10.82578473
19.6932834,-12.0200354,19.91716672,28.10010286,10.81865325
19.67805876,-11.99065073,20.02635874,28.29326855,10.8117118
19.66186217,-11.95862654,20.13374811,28.49039536,10.80497925
19.64494968,-11.9246801,20.23979506,28.69041165,10.79838632
19.62729754,-11.88888382,20.34432533,28.89306027,10.79192391
19.60882527,-11.85107499,20.44743028,29.09857614,10.7856342
19.58973938,-11.8113849,20.5493785,29.30684246,10.77951955
19.56975826,-11.76899605,20.64950718,29.51903871,10.77361851
19.54902929,-11.72485352,20.74805243,29.73370258,10.7678412
19.52741644,-11.67872723,20.84493614,29.95107708,10.76222901
19.50511611,-11.63054624,20.94049757,30.17131508,10.75679946
19.4822896,-11.58069616,21.03502422,30.39387229,10.75152008
19.45848512,-11.52810908,21.12742899,30.62030605,10.74647626
19.43387297,-11.47372282,21.21815555,30.84909241,10.74156735
19.40849164,-11.41725089,21.30730761,31.08060272,10.73684439
19.38256742,-11.35921226,21.3954392,31.31427547,10.73228104
19.3559229,-11.29907753,21.48205701,31.55070863,10.72789018
19.32834279,-11.23638332,21.5664563,31.79049052,10.72373327
19.30011708,-11.17202591,21.64952398,32.03240088,10.71972755
19.27116786,-11.10572286,21.7311195,32.27685037,10.71590954
19.24159288,-11.037607,21.81136176,32.5234729,10.71226346
19.21120051,-10.96730618,21.88974224,32.77284077,10.70881266
19.18028288,-10.89540537,21.96688416,33.02428564,10.70551057
19.14856502,-10.82118561,22.04222536,33.27854238,10.70246237
19.1161439,-10.74514817,22.11602812,33.53489514,10.69959095
19.08304808,-10.66722094,22.18833155,33.79348402,10.69689241
19.04940672,-10.58777255,22.25932607,34.05393412,10.69433593
19.01513772,-10.5063019,22.32871687,34.31657827,10.69200781
18.98021106,-10.42289438,22.39661885,34.58158075,10.68990648
18.94450143,-10.33746211,22.46276166,34.84882667,10.6879873
18.90821578,-10.25034162,22.5274622,35.11772652,10.68625866
18.8715374,-10.16194204,22.5911202,35.38805353,10.68465651
18.83425715,-10.07166121,22.65332025,35.6605947,10.6832853
18.79622743,-9.979235284,22.71369146,35.93524664,10.68215491
18.75747876,-9.884758727,22.77226867,36.21179316,10.6812528
18.71846902,-9.789488639,22.83019649,36.48925579,10.68042954
18.67897665,-9.692471503,22.88680757,36.76864561,10.67981688
18.63877798,-9.593402489,22.94152225,37.04964624,10.67948184
18.59798271,-9.492659367,22.99480139,37.33217399,10.67931902
18.55669037,-9.390346041,23.0468253,37.61643965,10.67934
18.51518251,-9.287122089,23.09811877,37.90129896,10.67949048
18.4729753,-9.181584186,23.14739643,38.18807548,10.67996146
18.43024616,-9.074713261,23.19544024,38.47602492,10.68057555
18.38708102,-8.96651688,23.24230188,38.76487449,10.68135563
18.34353372,-8.856814722,23.28800687,39.05512344,10.68234424
18.29958682,-8.745646217,23.33245359,39.34628115,10.68354943
18.25511479,-8.63280796,23.37542991,39.63877446,10.68498552
18.21027022,-8.518942872,23.41738013,39.9316368,10.68654908
18.16496697,-8.403703269,23.45805583,40.22553077,10.6882903
18.11929127,-8.286789825,23.49746433,40.52065529,10.69029178
18.07335518,-8.168822193,23.535956,40.81601758,10.6924889
18.02695513,-8.049440216,23.57315596,41.11246317,10.69485963
17.98013971,-7.928939812,23.60913693,41.40918281,10.69737905
17.93298401,-7.807059384,23.64393586,41.70645293,10.70014305
17.88562356,-7.684117052,23.6779457,42.00429277,10.70308059
17.83790812,-7.559969912,23.71091398,42.30286755,10.70620466
17.78978528,-7.43451344,23.74248232,42.60143247,10.70952542
17.74130927,-7.307996848,23.77293133,42.90013062,10.71303319
17.69266044,-7.18037092,23.80265875,43.19956613,10.71673772
17.64373653,-7.05186508,23.83146453,43.49894113,10.72058086
17.59451198,-6.922143088,23.85914304,43.79828971,10.7246477
17.54493684,-6.791366529,23.88564919,44.09773337,10.72888795
17.49514982,-6.659506948,23.91132408,44.39757425,10.73332981
17.44523223,-6.52695026,23.93630627,44.69663053,10.73793377
17.39497119,-6.393363721,23.9602189,44.99607581,10.74268781
17.34448834,-6.258927967,23.98323197,45.29524574,10.74761124
17.29372331,-6.123311433,24.0050748,45.59382612,10.75277982
17.24283694,-5.986887344,24.0262879,45.89225371,10.7581211
17.19178296,-5.849838928,24.04685864,46.19074181,10.76356462
17.14046686,-5.712007571,24.0664588,46.4886456,10.76917039
17.0889296,-5.573385999,24.08506079,46.7851883,10.77496224
17.03722025,-5.433643971,24.10280847,47.08181933,10.78099089
16.98540338,-5.293246927,24.11998627,47.37841274,10.78715483
16.93341618,-5.152400261,24.13645777,47.67385093,10.79343031
16.88123758,-5.010959281,24.15209262,47.96813307,10.79984252
16.82884973,-4.86861721,24.16679711,48.26194351,10.80646208
16.77636869,-4.725405583,24.18080265,48.55510481,10.8132958
16.72377049,-4.581759199,24.19422182,48.84738442,10.82022214
16.67105087,-4.437737249,24.20705169,49.1386613,10.82726256
16.61815204,-4.29301662,24.21902848,49.4287406,10.83448359
16.56510167,-4.147595518,24.23019097,49.71783005,10.84188748
16.51195681,-4.001647342,24.24073648,50.00580606,10.84942243
16.45875415,-3.855287879,24.25087872,50.29320602,10.85706053
16.40544449,-3.708578511,24.26036874,50.57878371,10.86484025
16.35195789,-3.561207035,24.26898026,50.86308472,10.87280496
16.29836478,-3.413361465,24.27693742,51.14612622,10.88089889
16.24471354,-3.265135713,24.28447366,51.42817005,10.88909212
16.191006,-3.116502744,24.29145907,51.70875557,10.89743282
16.13717147,-2.967518118,24.29771553,51.98744063,10.90591956
16.08324971,-2.818156216,24.30342131,52.26458817,10.91453097
16.0292417,-2.668386291,24.30860412,52.54077967,10.92325168
15.97516702,-2.518326885,24.31327117,52.8155504,10.93206371
15.92101463,-2.367918626,24.31725006,53.0877969,10.94105686
15.86680442,-2.217279812,24.32076588,53.35831954,10.95016509
15.81255088,-2.066321783,24.32394324,53.62819578,10.95936144
15.75815119,-1.915012188,24.32632786,53.89592718,10.96867124
15.7037087,-1.763589862,24.32821878,54.16106475,10.97808817
15.64924467,-1.611890647,24.32968016,54.42458821,10.98764905
15.59476099,-1.45999927,24.33085969,54.68714546,10.9972977
15.54012563,-1.307860088,24.33128444,54.94692857,11.00704491
15.48544379,-1.155553442,24.33122594,55.20470194,11.01688658
15.43076253,-1.003068208,24.33078031,55.46062908,11.02686056
15.37602391,-0.850511444,24.32993549,55.71449665,11.03692104
15.32119953,-0.697802939,24.32855822,55.96603372,11.04705908
15.26632798,-0.544867179,24.32674027,56.21608031,11.05730112
15.21145592,-0.391855013,24.32453123,56.46355215,11.06764338
15.15651585,-0.23878679,24.32181873,56.70819595,11.07809988
15.10149014,-0.085702802,24.31863764,56.9508712,11.08860987
15.04644707,0.067549181,24.31513352,57.192078,11.09920012
14.99139681,0.220833076,24.31129915,57.43065027,11.1098813
14.93629497,0.3741886,24.30693038,57.6660842,11.12067621
14.88110684,0.527546126,24.30204537,57.89912782,11.1315568
14.82589208,0.680887832,24.29686248,58.13007492,11.14248019
14.77065389,0.834247898,24.2914268,58.35942921,11.15345857
14.71541369,0.987619617,24.28561595,58.58567449,11.16453787
14.66008048,1.141019547,24.27913776,58.80832496,11.17574745
14.60473022,1.294343231,24.272423,59.02877173,11.18699603
14.54931064,1.447621392,24.26534794,59.24732902,11.19827562
14.49391168,1.600833023,24.25810043,59.46403013,11.20962054
14.4384622,1.754024767,24.25032278,59.67677052,11.22106647
14.38295793,1.907145649,24.24205112,59.88579619,11.23262191
14.32740425,2.060185694,24.23349914,60.09303722,11.24419876
14.27184984,2.213155224,24.22482611,60.29889906,11.2558022
14.2162689,2.365952719,24.21574204,60.50135801,11.26747252
14.1606233,2.518656425,24.20613919,60.69949758,11.27925313
14.10494455,2.671269224,24.19624166,60.89491235,11.29109287
14.04925224,2.82381409,24.18615174,61.08882815,11.30296075
13.99352503,2.976181392,24.17570303,61.27971421,11.31487384
13.93775927,3.128334339,24.16499118,61.46771743,11.32681844
13.88195138,3.280309291,24.15380856,61.65099475,11.33888298
13.82612841,3.432272749,24.1424134,61.83258944,11.35099343
13.77024404,3.584049358,24.13067206,62.01155441,11.3631153
13.71435621,3.73550742,24.11868905,62.18666743,11.37528384
13.6584495,3.886827023,24.10648601,62.35936548,11.38750769
13.60249415,4.038044032,24.09392925,62.52903757,11.39981131
13.54647062,4.188969881,24.08094442,62.69459377,11.4121412
13.49044409,4.339663925,24.06776837,62.85709738,11.42449562
13.43442155,4.490226862,24.05446715,63.01761194,11.43689503
13.3783658,4.640553833,24.04088938,63.17512907,11.4493573
13.32221012,4.790546524,24.02680528,63.32792434,11.46186763
13.26604975,4.94036048,24.01252325,63.4778057,11.47439623
13.2098992,5.089973068,23.99812248,63.62502224,11.48696133
13.1537166,5.239262939,23.98349757,63.76914781,11.49956401
13.09748086,5.388310398,23.96851228,63.90993376,11.51223186
13.04119228,5.537120148,23.95322101,64.04705232,11.52491908
12.98491635,5.685600366,23.93780923,64.18069477,11.53762191
12.92860768,5.833784774,23.92218128,64.3112189,11.55036627
12.87224862,5.98172433,23.90625128,64.43876259,11.56315661
12.8158872,6.129403589,23.89013357,64.56320678,11.57599012
12.75948869,6.276686875,23.87376333,64.68312969,11.58882966
12.7030513,6.423684823,23.8572185,64.80038993,11.60169053
12.64658779,6.570381233,23.84043215,64.91421851,11.61458715
12.59012601,6.716771852,23.82346829,65.02493844,11.62754434
12.53362672,6.862837097,23.80628567,65.13203992,11.64050768
12.47708585,7.008525082,23.78888274,65.23519927,11.65348642
12.42053131,7.153817616,23.77133444,65.33515327,11.66647885
12.36394751,7.298838469,23.75356912,65.432078,11.67951434
12.3073385,7.443532483,23.73558919,65.52555513,11.69259675
12.25073675,7.587776671,23.71750526,65.61500544,11.7056714
12.19409327,7.731653799,23.69922571,65.70100044,11.71875423
12.1373987,7.875183084,23.68073229,65.78386941,11.73186194
12.08069464,8.018376742,23.66207415,65.86380654,11.74502683
12.02401163,8.161113057,23.64331721,65.93936125,11.75818821
11.96728942,8.303492349,23.62437708,66.01148639,11.77134962
11.91052152,8.445392449,23.60526588,66.08000254,11.78452522
11.85373618,8.586912848,23.58600163,66.14554152,11.79773061
11.79695254,8.728071579,23.56660352,66.20741311,11.81097293
11.74014882,8.868849292,23.54706149,66.26575284,11.82420407
11.68334386,9.008959116,23.52743925,66.3196701,11.83743334
11.62649034,9.148820022,23.50765244,66.37136216,11.85067246
11.56961847,9.288263626,23.48768282,66.4189414,11.86395563
11.51275276,9.427173815,23.46763393,66.46287095,11.87724115
11.45588718,9.565577883,23.44751764,66.50317163,11.89051529
11.39898064,9.703658977,23.42725714,66.54063352,11.90378925
11.3420567,9.841283207,23.40687377,66.57452804,11.91707766
11.28513621,9.978166119,23.38635997,66.6032205,11.93039429
11.22820074,10.11473284,23.36576928,66.6294182,11.94370142
11.17124818,10.25102901,23.34511065,66.65359629,11.95699911
11.11430354,10.38653539,23.32439101,66.6726599,11.97029339
11.05733212,10.52151827,23.30351284,66.68772319,11.98359984
11.00034277,10.65607982,23.28251281,66.69931066,11.99691921
10.94336505,10.79021158,23.26151421,66.70841841,12.01021929
10.88639525,10.92379079,23.24050589,66.71445863,12.02352106
10.82937594,11.0567442,23.21930274,66.71562387,12.03680925
10.77237269,11.18915928,23.19804865,66.71308109,12.05010166
10.71536494,11.32105604,23.17674147,66.70731157,12.06339215
10.65836019,11.45245112,23.15542779,66.69865702,12.07667677
10.60133195,11.58336097,23.13401599,66.68686374,12.08994785
10.54431065,11.71354142,23.1125607,66.67049728,12.10318559
10.487292,11.84317391,23.09103514,66.65049955,12.11644808
10.43025429,11.97227019,23.06945894,66.62723577,12.12969816
10.37324811,12.10078118,23.04792516,66.60095517,12.14291732
10.31621592,12.22873037,23.02628555,66.5710261,12.15611203
10.25917098,12.35610856,23.00458702,66.53783862,12.16931629
10.20215399,12.48270708,22.98290221,66.50014769,12.18250475
10.14514841,12.60884149,22.96122786,66.45980548,12.1956652
10.08811375,12.73429495,22.93945372,66.41548417,12.20879853
10.03108965,12.85922243,22.91769509,66.36864124,12.22191602
9.974074313,12.98341531,22.89591285,66.31761759,12.23503224
9.917070483,13.10705419,22.87413653,66.2634045,12.24811546
9.860060919,13.23003264,22.85232627,66.20569197,12.26117535
9.803066972,13.35212734,22.83053685,66.14370205,12.27419047
9.746071402,13.47402172,22.80873852,66.08048151,12.28720541
9.689071236,13.59492069,22.78688695,66.01160963,12.30019095
9.632114197,13.71527389,22.76514118,65.94108839,12.3131557
9.575143122,13.83468426,22.74333944,65.86510358,12.32606488
9.518172758,13.95381867,22.7215375,65.78758857,12.33896075
9.461223198,14.07207393,22.69977118,65.70610262,12.35182442
9.40429444,14.18945004,22.67804048,65.62064573,12.36465589
9.347368932,14.30653706,22.65631784,65.53367039,12.37747228
9.290436164,14.42263654,22.63456768,65.44128715,12.39022598
9.233543935,14.5381686,22.61292628,65.34735932,12.40295292
9.176664386,14.65259822,22.59129001,65.2478881,12.41563439
9.119785467,14.76680403,22.56965247,65.14721299,12.42831102
9.062928891,14.880033,22.54808811,65.04249467,12.4409238
9.006078724,14.99250216,22.52654346,64.93442517,12.45349691
8.949265755,15.10429714,22.5050758,64.8232714,12.46602509
8.892462744,15.21522711,22.48362833,64.70821034,12.47851905
8.835682235,15.32553245,22.46225389,64.59087127,12.49097915
8.778902294,15.43497634,22.44089629,64.46972867,12.50338388
8.722147959,15.54383577,22.41960028,64.34615012,12.51574552
8.665439279,15.65171022,22.398413,64.21845502,12.52805334
8.608737628,15.75882904,22.37726248,64.08783085,12.54032937
8.552062388,15.86514848,22.35618041,63.95376185,12.55255298
8.495407938,15.97074276,22.33517156,63.81711083,12.5647142
8.43876961,16.0755852,22.31422022,63.67750851,12.57683258
8.382165517,16.17962465,22.29334882,63.53462261,12.58892162
8.325601348,16.28261448,22.27260388,63.38773099,12.60092298
8.269067447,16.38487655,22.25193515,63.23799128,12.61288292
8.212547932,16.48640927,22.2313365,63.08577909,12.62478641
8.156045794,16.58720706,22.21079878,62.93089802,12.63665553
8.09958536,16.68712786,22.19038141,62.77271586,12.64845421
8.043185856,16.7859442,22.17011253,62.61014136,12.66018844
7.986814836,16.88396138,22.14994865,62.44510907,12.67186789
7.93043926,16.98136318,22.12982088,62.27814932,12.68348538
7.874109113,17.07797664,22.10980691,62.10807052,12.69506185
7.817835143,17.17358299,22.08994301,61.93448722,12.70657574
7.761626952,17.26794805,22.07028085,61.75695203,12.71800478
7.705409109,17.36182254,22.05063339,61.57757995,12.72937415
7.649230691,17.45507196,22.03108616,61.39600919,12.74070534
7.593116486,17.54699312,22.01175821,61.21044944,12.75194374
7.537060962,17.63803131,21.99257444,61.02195255,12.76313851
7.481024546,17.72840286,21.97346741,60.8309262,12.77427046
7.425025544,17.8178054,21.95450415,60.63697488,12.78531236
7.3690809,17.90626521,21.93572595,60.44049102,12.79628786
7.313217957,17.99367227,21.91713151,60.24035325,12.80720824
7.257370228,18.08054717,21.89860187,60.03835862,12.81809534
7.201554412,18.16622465,21.88025381,59.83330182,12.82885466
7.145803483,18.25098674,21.86208345,59.62527812,12.83955005
7.090153272,18.33478118,21.84414844,59.41416554,12.85019303
7.034508079,18.41781134,21.82628714,59.2009263,12.86077799
6.978915414,18.4998444,21.80862835,58.98515466,12.8712599
6.923369867,18.58095707,21.79110326,58.76638846,12.88168962
6.867926642,18.66092015,21.77386338,58.54431981,12.89202508
6.812517887,18.7400707,21.75675216,58.32019041,12.90230085
6.757174384,18.81833224,21.73985133,58.09365148,12.91249831
6.701873721,18.89565145,21.72309507,57.86432766,12.92262473
6.646631762,18.97190244,21.70653813,57.63218729,12.93266901
6.591468379,19.04718038,21.69021442,57.39758975,12.94263739
6.536387285,19.12155191,21.67412355,57.16042573,12.95253333
6.481329174,19.19503486,21.65816838,56.92121277,12.96233415
6.426354775,19.26741225,21.64244906,56.67890484,12.9720752
6.371453874,19.33878881,21.6269651,56.43412574,12.98173001
6.316601769,19.40924381,21.61166124,56.18715198,12.99130455
6.261828694,19.47864797,21.59659748,55.93740359,13.00078486
6.207126698,19.54728894,21.58174357,55.6859557,13.01020838
6.152511629,19.61465982,21.56718206,55.43135627,13.01953662
6.097930445,19.68108359,21.55276811,55.17451247,13.02877243
6.043424187,19.74658574,21.53856354,54.91525856,13.03795228
5.989011043,19.81115071,21.52465733,54.6541529,13.04702375
5.934667513,19.87469874,21.51099231,54.39091361,13.0560221
5.880396305,19.93711307,21.49756287,54.12464962,13.06493084
5.826201858,19.99845658,21.48436217,53.85586418,13.07376233
5.772049608,20.05892818,21.47137025,53.58563443,13.08249198
5.717985413,20.11852492,21.45862789,53.31349324,13.09115282
5.66401935,20.17715515,21.44617487,53.03895022,13.09973194
5.610138551,20.23433836,21.4340256,52.76146048,13.10820065
5.556298358,20.29059237,21.42206285,52.48203532,13.1165823
5.502517277,20.34614197,21.41028246,52.20107969,13.12489192
5.448835839,20.40071915,21.39880721,51.91823403,13.13311402
5.395271995,20.45402782,21.38771247,51.63317398,13.14123642
5.341741182,20.50622661,21.37677493,51.34536378,13.14926899
5.288268817,20.55759001,21.36604155,51.05581089,13.15721677
5.234892842,20.60780712,21.35566403,50.76463014,13.16504124
5.181612951,20.65715374,21.34555905,50.47184107,13.1728017
5.128383056,20.70579857,21.33560863,50.17739294,13.1805188
5.075210071,20.75275352,21.32596608,49.87955004,13.18807037
5.022142306,20.79891032,21.31666843,49.58088449,13.1955239
4.969178342,20.84393243,21.30767318,49.28000457,13.20288445
4.916233318,20.88839582,21.29877399,48.97803308,13.21021188
4.863340397,20.93193901,21.29010929,48.67464965,13.21744454
4.810572737,20.97391812,21.28189715,48.36854945,13.22451157
4.757910493,21.01457357,21.2740194,48.06003308,13.23146089
4.705247417,21.05478726,21.26620651,47.75097121,13.23837285
4.652655641,21.09446065,21.25862297,47.4412767,13.24523629
4.600158561,21.13271612,21.2514105,47.12922507,13.25194342
4.547742262,21.16936501,21.24455014,46.81453556,13.25850043
4.495374247,21.20526434,21.23787214,46.49854529,13.2649796
4.443087952,21.24057423,21.23145511,46.18201756,13.27140802
4.39084029,21.27519008,21.22523859,45.86476229,13.27775275
4.338658573,21.30818791,21.21933513,45.54478864,13.28393333
4.286563954,21.33991249,21.21377441,45.22286554,13.28998684
4.234531934,21.3710631,21.20843503,44.90042354,13.29597459
4.182530044,21.40149244,21.20328342,44.57722817,13.30189079
4.130599141,21.43085712,21.19840314,44.25241994,13.30768731
4.078738301,21.45893341,21.19384546,43.92599871,13.31333747
4.026901463,21.4860236,21.18950548,43.59845227,13.31888005
3.975142242,21.51230311,21.18542645,43.26983297,13.32434775
3.923444072,21.53777319,21.18160143,42.94027653,13.32971088
3.871779784,21.56227114,21.17801777,42.60998527,13.33495646
3.82014508,21.58559289,21.17465967,42.2781616,13.34006479
3.76857016,21.60799723,21.17154409,41.94502639,13.34508036
3.717061628,21.62949499,21.16874776,41.61140166,13.34998504
3.665574481,21.65025405,21.16613822,41.27720831,13.35478776
3.614126277,21.67000165,21.16373702,40.94176571,13.35946789
3.562721851,21.68872211,21.16158505,40.60515603,13.3640226
3.511340707,21.70644529,21.15970888,40.26834146,13.36846001
3.459999066,21.72351999,21.15802173,39.93066399,13.37280709
3.408719019,21.73963394,21.1565938,39.59195727,13.37702696
3.357412721,21.75489121,21.15531106,39.2531524,13.38112416
3.306165538,21.76900036,21.15435586,38.9135381,13.38507492
3.254941878,21.78244474,21.15355921,38.57303897,13.38895308
3.203728573,21.795145,21.15293882,38.23213096,13.39270931
3.152535642,21.80679042,21.15258955,37.89109045,13.39630841
3.101368219,21.81762703,21.15245447,37.54967842,13.39979785
3.05022582,21.8275774,21.15251009,37.20731347,13.40317529
2.999069385,21.83679756,21.15272553,36.86473139,13.40643854
2.94792462,21.84522012,21.15315819,36.52229763,13.40955532
2.896808334,21.85269345,21.15383612,36.17942459,13.41253952
2.845667243,21.85952012,21.15460328,35.8363287,13.41544677
2.794548681,21.86553057,21.15561828,35.49309842,13.41820348
2.74343921,21.87060255,21.15686245,35.14962837,13.42079994
2.692293512,21.87487951,21.15823815,34.80626634,13.42326953
2.641152481,21.87854559,21.1597434,34.46263364,13.42566197
2.590001635,21.88158704,21.16143505,34.11954448,13.42792374
2.538858784,21.883713,21.16335252,33.77633918,13.43001723
2.487691907,21.88493662,21.16544904,33.43306259,13.43196207
2.436496799,21.88556069,21.16763967,33.08988689,13.43380869
2.38526099,21.88575466,21.16991202,32.74734924,13.43556482
2.334027001,21.88510209,21.17242261,32.40510939,13.43716364
2.282815746,21.88348221,21.17519209,32.06273217,13.43857483
2.231524813,21.88121495,21.17802414,31.72090175,13.43986143
2.180162955,21.87850925,21.18088927,31.37982364,13.44105776
2.128810783,21.87529512,21.18391986,31.03901165,13.44215628
2.077474508,21.8711428,21.18721067,30.69836814,13.44306751
2.026025235,21.86634749,21.1905642,30.35897721,13.4438082
1.974526879,21.86086168,21.19401294,30.01994612,13.44442466
1.923045845,21.85495055,21.19761673,29.68119458,13.44496015
1.871489412,21.84856657,21.20127956,29.34333937,13.44537859
1.819853287,21.84139664,21.20508501,29.00671278,13.44559292
1.768188878,21.83358404,21.20903198,28.67070084,13.44565901
1.716527114,21.8251167,21.21314089,28.33491653,13.44561616
1.664715543,21.81636707,21.21721258,28.00071703,13.44546075
1.612859024,21.80707202,21.22139348,27.66745782,13.44517375
1.560980726,21.79713245,21.22573868,27.33495139,13.44471221
1.509029043,21.78654566,21.23018987,27.00367049,13.44409539
1.456976056,21.77557718,21.23466155,26.67344475,13.4433679
1.404883744,21.76413693,21.23923774,26.34414893,13.44254104
1.352730923,21.75227596,21.24390797,26.01620683,13.44155944
1.300443288,21.73984951,21.24859694,25.68992204,13.4403958
1.248104514,21.72686992,21.25338573,25.36447183,13.43909751
1.195735008,21.71349599,21.25830884,25.04006961,13.43770605
1.143260557,21.69969413,21.26327897,24.71750398,13.43617488
1.09062186,21.68563181,21.26816309,24.39673786,13.43448847
1.037964093,21.67091115,21.27320801,24.07674817,13.43264866
0.985236642,21.65587429,21.27834281,23.75821517,13.43070171
0.932380165,21.64043032,21.28349345,23.44177088,13.42861453
0.879416022,21.62464257,21.28865783,23.1269811,13.42637713
0.826364746,21.60856053,21.29384297,22.81356019,13.42403513
0.773272839,21.59187779,21.29919338,22.50148488,13.42152457
0.719986592,21.57505914,21.30442729,22.19182888,13.41888504
0.666629328,21.55785719,21.30974715,21.88383205,13.41612378
0.61318335,21.54033776,21.31511687,21.57757816,13.41323545
0.559665611,21.52248446,21.32052433,21.27261097,13.41023638
0.505942755,21.5042393,21.3258949,20.97065167,13.40702262
0.452133821,21.48590567,21.33126263,20.67014483,13.40374672
0.398278581,21.46719811,21.33674528,20.37134996,13.40034292
0.344272083,21.44819954,21.34217904,20.07464781,13.39680453
0.29008601,21.42897514,21.3475861,19.78080693,13.39310763
0.235815094,21.40942992,21.35304925,19.48890831,13.38927141
0.181500376,21.3897764,21.35853648,19.19806445,13.38537438
0.126968608,21.36992305,21.3639313,18.91019105,13.38132615
0.07231216,21.34979748,21.36936192,18.62508352,13.37714518
0.017543653,21.32938988,21.37480529,18.342124,13.37281091
-0.03731263,21.30882897,21.38025874,18.06077285,13.36838785
-0.092348146,21.28824494,21.38564539,17.78209619,13.3638408
-0.147522,21.26744089,21.39099127,17.50618929,13.35918471
-0.20278267,21.2463861,21.39639607,17.23254096,13.35439887
-0.258233269,21.2252286,21.40174917,16.9616146,13.34947055
-0.313792449,21.2039557,21.40709343,16.69278227,13.34443444
-0.369498378,21.18261177,21.41235806,16.42684212,13.33930626
-0.425310035,21.16112965,21.41765159,16.16328943,13.33408037
-0.481337053,21.13956723,21.42285975,15.902789,13.32869458
-0.537458752,21.11785901,21.42807674,15.64447521,13.32320947
-0.593727137,21.09609505,21.43326489,15.38940929,13.31759305
-0.650147238,21.07431365,21.43838532,15.13693017,13.31192151
-0.706707441,21.05249367,21.44348107,14.8871217,13.30613024
-0.76342102,21.03059331,21.44850068,14.63973691,13.30021096
-0.820281061,21.00862612,21.45355252,14.39599983,13.29416076
-0.877318491,20.98667005,21.45849538,14.15526058,13.28803082
-0.934463065,20.96470754,21.46341402,13.91694289,13.28183448
-0.991773852,20.94277368,21.46828357,13.68162664,13.27551342
-1.04923292,20.92085678,21.47310411,13.44906386,13.26908167
-1.106889651,20.89888426,21.47784972,13.2204403,13.26251996
-1.164636898,20.87694308,21.48260142,12.99432674,13.25591462
-1.222559287,20.85512248,21.48726263,12.77150961,13.24922227
-1.280644674,20.8333371,21.49187863,12.55166141,13.24239266
-1.338897796,20.81157973,21.49639193,12.3345291,13.23547589
-1.397296203,20.78984827,21.50090076,12.12137851,13.22846916
-1.455849625,20.76823723,21.50532664,11.91156006,13.22139309
-1.514541605,20.74674416,21.50974573,11.70470479,13.21422297
-1.573406976,20.72534579,21.51407965,11.50065621,13.2069566
-1.632455796,20.70398035,21.51827455,11.29995186,13.19959368
-1.691653092,20.68276404,21.52246172,11.10359088,13.19213806
-1.750962017,20.66172895,21.5267025,10.9104536,13.18463191
-1.810440282,20.64075213,21.53081239,10.71985789,13.1770345
-1.870126193,20.61985157,21.53472955,10.53227908,13.16933668
-1.929983952,20.59920216,21.53865204,10.34949996,13.16155693
-1.989936392,20.57877127,21.54265473,10.17052987,13.15369632
-2.050011915,20.55832716,21.5465383,9.993372826,13.14580395
-2.110321268,20.53801337,21.55023231,9.819688647,13.13779083
-2.170822899,20.51806141,21.55393491,9.651058097,13.12969376
-2.231479077,20.49830311,21.55757591,9.486458386,13.12150965
-2.292198185,20.47854393,21.56119057,9.323495531,13.11328825
-2.353027891,20.45898732,21.56485075,9.163750596,13.10501148
-2.41415368,20.43975317,21.56831536,9.009270405,13.09660722
-2.475525871,20.42073566,21.57155799,8.859093498,13.08812354
-2.536923201,20.40184807,21.57490722,8.711282034,13.07958698
-2.59831128,20.3830901,21.57845049,8.565785603,13.07104315
-2.659999341,20.36462765,21.58173318,8.424996734,13.06236835
-2.722026764,20.34642163,21.58471808,8.289499744,13.05357841
-2.784085118,20.32851347,21.58784049,8.157160965,13.04475927
-2.846146008,20.31066359,21.59108766,8.026750974,13.03591319
-2.908420545,20.29301637,21.594144,7.899958536,13.02699633
-2.970958941,20.27571205,21.59710226,7.77853844,13.0179292
-3.033663491,20.25875481,21.60002419,7.661855536,13.00881399
-3.096437443,20.24188832,21.60289842,7.546651986,12.9996872
-3.159287753,20.22523085,21.60583168,7.434646633,12.99049508
-3.222325179,20.20878349,21.60869279,7.32672437,12.98120887
-3.285632273,20.19276973,21.61147035,7.225189426,12.97180532
-3.349041218,20.17695166,21.61417958,7.125964951,12.96237163
-3.412571813,20.16133891,21.61681189,7.029200208,12.95290499
-3.476088081,20.14580456,21.61961679,6.934719089,12.94340173
-3.539890183,20.13067252,21.62234006,6.846783042,12.93375497
-3.60391557,20.11595021,21.62496148,6.764098151,12.92401482
-3.668132186,20.10140994,21.62733127,6.683298518,12.91423349
-3.732229232,20.08691497,21.62997318,6.603282319,12.90447849
-3.796296408,20.07258467,21.63291978,6.526990376,12.89465534
-3.860956023,20.05888914,21.63536818,6.459793474,12.88462175
-3.925835443,20.04546926,21.637567,6.395504391,12.87453471
-3.990454814,20.03204969,21.64026231,6.331457479,12.86447826
-4.054777238,20.01886695,21.64214248,6.269646654,12.85448519
-4.089379049,20.01466095,21.64660891,6.258046554,12.84928644
-4.092442375,20.01554541,21.64984603,6.266302781,12.84889447
-4.092442375,20.01554541,21.64984603,6.266302781,12.84889447
-4.092442375,20.01554541,21.64984603,6.266302781,12.84889447
-4.092442375,20.01554541,21.64984603,6.266302781,12.84889447
