#size: 500 5
#stance_hip, swing_hip, stance_knee, swing_knee,torso_angle
28.60590296,-13.46407419,26.16794411,12.66572788,18.22557581
28.58074896,-13.50909002,26.26616413,12.71521815,18.21316816
28.55559496,-13.55410586,26.36438416,12.76470842,18.2007605
28.53044096,-13.59912169,26.46260419,12.81419869,18.18835284
28.50527737,-13.64410492,26.56080813,12.86374665,18.17594626
28.47894462,-13.68620909,26.65731197,12.91854359,18.16333702
28.45171582,-13.72642354,26.75229583,12.9767779,18.15058033
28.42448701,-13.766638,26.84727969,13.03501221,18.13782364
28.3972355,-13.80678249,26.94222401,13.09336839,18.12506817
28.36942862,-13.84549988,27.03636684,13.15425627,18.11222909
28.34021322,-13.88092808,27.12814516,13.22101913,18.09915965
28.31076051,-13.91596001,27.21944402,13.2884694,18.08606373
28.28126904,-13.95088024,27.31067375,13.35611124,18.07296836
28.25150254,-13.98518644,27.40149456,13.42480573,18.05982938
28.22049667,-14.01621919,27.49025139,13.49922484,18.04652698
28.18877855,-14.04587657,27.57764762,13.57602635,18.03311354
28.1569097,-14.07519512,27.66474547,13.65339786,18.01969531
28.12483653,-14.10415687,27.75150557,13.73135619,18.00624473
28.09192592,-14.13075846,27.83686734,13.81335293,17.99270679
28.05804243,-14.15507261,27.92042306,13.89925276,17.97903441
28.02373763,-14.17855845,28.0031381,13.98653994,17.96532069
27.9892348,-14.20169101,28.08549625,14.07439681,17.95157914
27.95411616,-14.22322331,28.16678501,14.16491806,17.93777872
27.9180998,-14.24227228,28.24639592,14.25959395,17.9239156
27.88134143,-14.25973458,28.32456585,14.35690254,17.90994009
27.84432058,-14.27673021,28.4022236,14.45496065,17.89593986
27.80691802,-14.29277578,28.47920786,14.55456541,17.88190937
27.76851678,-14.30609081,28.55425175,14.65860609,17.86783232
27.72939545,-14.31758644,28.62790541,14.76563343,17.85367913
27.68981062,-14.32820081,28.70064305,14.87407899,17.83945852
27.64988089,-14.33806311,28.77271927,14.98371057,17.82522029
27.60910698,-14.34549696,28.84313384,15.09720638,17.81095236
27.56759361,-14.35096886,28.91207815,15.21384776,17.79667014
27.52549025,-14.35509182,28.97984191,15.3326347,17.78229159
27.48297377,-14.35840082,29.04677909,15.4526926,17.76788793
27.43980397,-14.35978011,29.11240933,15.57576347,17.75347425
27.39578492,-14.35883501,29.17628182,15.70244066,17.73906913
27.35119506,-14.35645371,29.23899025,15.83137464,17.72462074
27.30607577,-14.35290521,29.30063011,15.96212456,17.71010302
27.26050359,-14.34804059,29.3613557,16.09490398,17.6955903
27.21389556,-14.34031791,29.41985696,16.23197983,17.68109738
27.166771,-14.33125418,29.47729712,16.37113814,17.66660931
27.11917286,-14.32094385,29.5337322,16.51220232,17.65206887
27.07097656,-14.30906524,29.58893433,16.65564637,17.63751189
27.02199125,-14.29490117,29.64242046,16.80245983,17.6229805
26.97236358,-14.27897219,29.69450777,16.95191021,17.6084948
26.9222279,-14.2616824,29.74549551,17.10340493,17.59399854
26.87148439,-14.24270346,29.79518871,17.25742229,17.57946378
26.82010863,-14.22179694,29.84348831,17.4142567,17.56496816
26.76798959,-14.19883858,29.89011759,17.57403749,17.55052508
26.71531048,-14.174362,29.93551316,17.73606156,17.53611219
26.66214039,-14.1483545,29.97979615,17.90031405,17.52169775
26.60844067,-14.12070636,30.02292918,18.06698332,17.50728731
26.55381777,-14.09041815,30.06391839,18.23731629,17.49295797
26.49875095,-14.05891717,30.10391502,18.40942284,17.47867507
26.44311915,-14.02563529,30.14260081,18.58407115,17.46443816
26.38704407,-13.99083527,30.18025239,18.76090521,17.45020719
26.33014653,-13.95361027,30.21599343,18.94106397,17.43604857
26.27265428,-13.91459955,30.25032548,19.12372254,17.42197076
26.21471017,-13.87421694,30.28360408,19.30830741,17.40794387
26.15635172,-13.83237025,30.31585143,19.4949205,17.39397095
26.09728945,-13.78827062,30.34644995,19.68464374,17.38004692
26.0374411,-13.74167471,30.37510615,19.87770998,17.36624224
25.9772912,-13.69418823,30.40305669,20.07202563,17.35249065
25.91665163,-13.64506368,30.4297813,20.26855214,17.33882349
25.85553883,-13.59417663,30.4553219,20.46747651,17.32521913
25.79350065,-13.54025168,30.47854005,20.67037878,17.31174338
25.73114107,-13.48525046,30.50096087,20.87475957,17.29835364
25.66836171,-13.42888134,30.52230792,21.08092581,17.28504737
25.60521239,-13.37115352,30.54270934,21.28889304,17.27182067
25.54121716,-13.31032932,30.56087646,21.50084626,17.25873769
25.47677954,-13.24795147,30.57791584,21.71485756,17.24576319
25.41200925,-13.18447874,30.59407386,21.9302564,17.23287759
25.34684246,-13.1195716,30.60920049,22.14751224,17.22009526
25.2810857,-13.0523301,30.62266869,22.36767542,17.20745201
25.21468932,-12.98264848,30.63443065,22.59095046,17.19496022
25.14799693,-12.91194591,30.64538784,22.81552332,17.18256897
25.08096414,-12.83993276,30.65539872,23.04171449,17.17028625
25.01348207,-12.76623071,30.66416007,23.26998205,17.1581277
24.94534864,-12.68974197,30.67101914,23.50160788,17.14617636
24.87690012,-12.61206176,30.67702361,23.73478608,17.13432236
24.80817434,-12.53320963,30.68218088,23.96933639,17.12258314
24.73893095,-12.45238062,30.68588317,24.20628516,17.11101807
24.66930717,-12.36986803,30.68840253,24.44511616,17.09960444
24.59923329,-12.28531121,30.68958709,24.68648081,17.08835911
24.52887777,-12.19956298,30.6898857,24.92922834,17.07723097
24.45813902,-12.11220778,30.68903587,25.17386076,17.06626468
24.38704748,-12.0234085,30.68711779,25.42006389,17.05545889
24.31555709,-11.9325683,30.68387608,25.66858788,17.04484576
24.2437241,-11.84006226,30.6795135,25.91908944,17.03438734
24.17164111,-11.74648696,30.67435268,26.17077567,17.02404838
24.09917426,-11.65126086,30.66801174,26.42428488,17.0139083
24.02637463,-11.55429098,30.66049903,26.67958686,17.00397139
23.95328989,-11.45565584,30.65193114,26.9367927,16.99419902
23.87995835,-11.35585917,30.64253076,27.19529577,16.98455156
23.8062708,-11.25450819,30.63200512,27.45544867,16.97510309
23.7323133,-11.15169384,30.62049269,27.71703175,16.96585706
23.65812299,-11.04720332,30.60795183,27.98035341,16.95680419
23.58368282,-10.94143411,30.59452882,28.24509261,16.9478893
23.50896585,-10.83449734,30.58021995,28.51103633,16.93912179
23.43396174,-10.72584063,30.56479419,28.77863778,16.93061109
23.3587422,-10.6156052,30.54837115,29.04770585,16.92231606
23.28335941,-10.50420583,30.53120308,29.31797718,16.914169
23.20772741,-10.39173685,30.51322611,29.58935211,16.90614728
23.13187065,-10.27788974,30.49433999,29.86200667,16.89833272
23.0557778,-10.16224228,30.47432018,30.13621425,16.89079873
22.97957407,-10.04547289,30.45362139,30.41146764,16.88343941
22.90316257,-9.927678631,30.43217163,30.68773539,16.87620275
22.82657253,-9.808858174,30.41000287,30.96489958,16.86911284
22.74975598,-9.688195883,30.38669561,31.24361267,16.8623291
22.67283467,-9.566313255,30.36263765,31.52325832,16.85576969
22.59581849,-9.443641476,30.33807805,31.80364748,16.84931703
22.51857566,-9.319781508,30.312655,32.0850798,16.84301761
22.44121281,-9.194807927,30.2865244,32.36731952,16.83692603
22.36369442,-9.068009054,30.25929057,32.65085129,16.83117779
22.28614249,-8.940620267,30.231723,32.93489165,16.82553321
22.20842319,-8.812184827,30.20340636,33.21977758,16.8200215
22.1306102,-8.682941367,30.17455289,33.50518835,16.81466195
22.05264276,-8.551863395,30.14455303,33.79173895,16.80967039
21.97465426,-8.420024055,30.11414669,34.07880718,16.80483886
21.89658881,-8.287325063,30.08318832,34.36649283,16.80011838
21.81839997,-8.153758076,30.05161973,34.65473048,16.79555255
21.74013037,-8.019001918,30.01928791,34.94353786,16.7912524
21.66182012,-7.882985061,29.98623385,35.23299158,16.78722092
21.5834869,-7.746340746,29.95282871,35.52284069,16.78328925
21.50506238,-7.608946662,29.91889029,35.81311673,16.77948633
21.42658094,-7.470662965,29.88437877,36.10373476,16.77588166
21.34806086,-7.330908468,29.84895684,36.39482627,16.77262307
21.26955366,-7.190613099,29.81329572,36.68620931,16.76946839
21.19097114,-7.049581101,29.77711518,36.9779456,16.76643682
21.11235954,-6.907898231,29.74051447,37.26983897,16.76355884
21.03375107,-6.764776426,29.70303772,37.56193559,16.76103336
20.95514064,-6.621160137,29.66527789,37.85417656,16.75862711
20.87649524,-6.476865742,29.6270987,38.14664689,16.75635175
20.79784741,-6.332039735,29.58858488,38.43917476,16.75419525
20.71922866,-6.186030892,29.54936962,38.73166604,16.7523313
20.64059859,-6.039204351,29.50961612,39.02416224,16.75068407
20.56196257,-5.892048797,29.46966452,39.3167241,16.74912164
20.48332436,-5.744245544,29.42930959,39.60926413,16.74769213
20.40477174,-5.595667743,29.38855799,39.90155937,16.74646604
20.32621402,-5.446057732,29.34709892,40.19358639,16.74552532
20.24765617,-5.296128141,29.30544043,40.48560798,16.74468079
20.16909112,-5.145816132,29.26350809,40.7775182,16.74392881
20.09064429,-4.994728155,29.22121856,41.06899024,16.7433658
20.01223109,-4.842796725,29.17836783,41.35996275,16.74305986
19.93380804,-4.690351937,29.13514368,41.65072968,16.7429062
19.85538937,-4.537615144,29.09170679,41.94133536,16.74283446
19.77706779,-4.384338724,29.04799945,42.23135832,16.7429123
19.69884006,-4.230390209,29.00393077,42.52074457,16.74319621
19.62060604,-4.075770108,28.95934374,42.80958341,16.74368514
19.54239194,-3.920816777,28.91453012,43.0981275,16.74427729
19.46424351,-3.765587269,28.86954724,43.38611568,16.74496611
19.38619909,-3.609794451,28.82428317,43.67335493,16.74582835
19.30820977,-3.453383377,28.77858655,43.95967456,16.74690075
19.23023439,-3.296485997,28.73251771,44.24538516,16.7481222
19.1523152,-3.139385917,28.68633208,44.53062343,16.74941683
19.07447309,-2.98196958,28.63993855,44.81503437,16.7508467
18.99673094,-2.824014487,28.59323305,45.09834472,16.75246381
18.91901924,-2.665530179,28.54612352,45.38067538,16.75424415
18.84136301,-2.506755955,28.49881568,45.66233336,16.75612995
18.76376366,-2.347830689,28.45135308,45.94315933,16.75812071
18.68625147,-2.188494504,28.40365541,46.22289895,16.7602569
18.60881711,-2.028770794,28.35571414,46.50148343,16.76252813
18.53144366,-1.868553752,28.30736134,46.77866472,16.76498262
18.4541126,-1.708244073,28.25890901,47.05518932,16.76750779
18.37683282,-1.547782135,28.21033261,47.33091732,16.77011759
18.29968029,-1.386839799,28.16147778,47.60476615,16.77291028
18.22258254,-1.225553422,28.11231284,47.87724994,16.77584047
18.14552741,-1.064067655,28.06295618,48.1487651,16.77886585
18.06851951,-0.902491492,28.01347286,48.41930159,16.78197711
17.99161937,-0.740572937,27.96378106,48.68800899,16.78523397
17.91478512,-0.578440285,27.91392866,48.95553936,16.78858829
17.83800218,-0.415975033,27.8637219,49.2212732,16.79208784
17.76127926,-0.253412517,27.81337539,49.48565158,16.79568464
17.68460721,-0.090725177,27.76292694,49.7489419,16.79935557
17.60804003,0.072252471,27.71229782,50.01031926,16.80315688
17.53151319,0.235416716,27.66139475,50.27000854,16.80707123
17.45505469,0.398771107,27.61027425,50.52776936,16.81110091
17.37862206,0.562173214,27.55907179,50.78462781,16.8151807
17.30229494,0.72579658,27.50769628,51.03931017,16.8194011
17.22601552,0.889554074,27.45614701,51.29235175,16.82369927
17.14978819,1.053508032,27.40431828,51.54317206,16.8281201
17.0736001,1.217519126,27.35235994,51.79241729,16.83261085
16.99748086,1.381641511,27.30027942,52.03997829,16.83720163
16.92142719,1.545908579,27.24805294,52.28561349,16.84187861
16.84542353,1.710296921,27.19561813,52.52897525,16.84664673
16.76944673,1.874774125,27.1429377,52.77016739,16.85151948
16.69352544,2.039303834,27.09018255,53.00985656,16.8564553
16.61766794,2.203943225,27.03728037,53.2474541,16.86148861
16.54185396,2.368677916,26.98421506,53.48270668,16.86659655
16.46607981,2.533475761,26.93090914,53.71537539,16.87179899
16.39032067,2.698304374,26.87749114,53.94680443,16.87705819
16.31464693,2.863222256,26.82392722,54.17543024,16.88243051
16.23899082,3.02819729,26.77020637,54.40198292,16.88786202
16.16338742,3.193198322,26.71632289,54.62582343,16.8933651
16.08779235,3.35823327,26.66224527,54.84773868,16.89894119
16.01225595,3.523326444,26.60804473,55.06728112,16.90461411
15.93673615,3.688434923,26.55367608,55.28441291,16.91034515
15.86126473,3.853578469,26.49919346,55.49903886,16.91614204
15.78581304,4.018689808,26.44451695,55.71103821,16.92199946
15.71038985,4.183861534,26.38968548,55.92076335,16.92794738
15.63498903,4.349033529,26.33468758,56.12783855,16.93396967
15.5596151,4.514201613,26.27958174,56.33262766,16.9400365
15.48426996,4.679326593,26.22432579,56.53463682,16.94615687
15.40893919,4.844471863,26.1689056,56.73418391,16.95234817
15.33363952,5.009619059,26.1132942,56.93047725,16.95864369
15.25833271,5.174721459,26.05754834,57.12482034,16.96496648
15.18306243,5.339795332,26.00170748,57.3164315,16.97133959
15.10780766,5.504830158,25.94570254,57.50509395,16.97776985
15.03257828,5.669852602,25.88951856,57.69046865,16.98429232
14.95733332,5.834820601,25.83315978,57.87356184,16.99086412
14.8821014,5.999742214,25.77671457,58.05441657,16.99746646
14.80688823,6.164613227,25.72010596,58.2318321,17.00413316
14.73169799,6.329415154,25.66337565,58.40627675,17.01085586
14.65650576,6.494154272,25.60644471,58.57751779,17.01765507
14.58129731,6.658849246,25.54939882,58.74698883,17.02447606
14.50609535,6.823474846,25.49219694,58.9129126,17.03136262
14.43091901,6.988008709,25.43492872,59.07652154,17.03827053
14.35575751,7.152427034,25.37744474,59.23550386,17.04527733
14.28057166,7.316780948,25.31982078,59.3923646,17.05231024
14.20535493,7.481095368,25.2620328,59.54693956,17.05939431
14.13017453,7.645283596,25.20419226,59.69856858,17.06650049
14.0550159,7.809329701,25.14621867,59.84625985,17.07367582
13.97983356,7.973252478,25.08804015,59.99024919,17.08090609
13.904612,8.137128238,25.0297018,60.13221925,17.08817102
13.8293963,8.300924416,24.97129908,60.27220615,17.09546527
13.75421972,8.464541303,24.91282919,60.40845803,17.10279825
13.67902422,8.627949406,24.85413276,60.53958839,17.11020852
13.60379669,8.791298984,24.79529232,60.66860982,17.11764376
13.52854335,8.954562088,24.73634579,60.79595797,17.12510621
13.45332307,9.117705596,24.67737565,60.92077905,17.13258956
13.37810228,9.280556185,24.61820328,61.03961603,17.14016688
13.30285956,9.443277072,24.5588891,61.15532152,17.14776707
13.22757818,9.60589461,24.49944709,61.26924112,17.15538456
13.15230796,9.768442027,24.43998946,61.38187134,17.16301511
13.07704507,9.930697838,24.38036735,61.48890105,17.1707303
13.0017707,10.09273222,24.32060938,61.59176618,17.17848911
12.92646826,10.25461934,24.26074116,61.69229025,17.18624921
12.85114929,10.41644463,24.20081848,61.79190509,17.1940214
12.77584753,10.57801117,24.14080958,61.8871714,17.20184567
12.70052602,10.7393047,24.08061119,61.97728861,17.2097601
12.62520638,10.9004012,24.02038012,62.06485118,17.21765684
12.54985217,11.06133811,23.96003899,62.15029402,17.22556548
12.47449813,11.22217929,23.89966711,62.23439698,17.2334845
12.39914885,11.38255808,23.83910728,62.31092639,17.24152591
12.32379791,11.5428651,23.7785249,62.38640669,17.24957164
12.24841932,11.70282217,23.71784071,62.45793541,17.25760072
12.1730271,11.86272677,23.65711621,62.52883962,17.26563679
12.09765124,12.02220278,23.59628636,62.59358852,17.2737603
12.02227353,12.18149119,23.53538387,62.65547051,17.28193157
11.94688075,12.34052774,23.4744287,62.71480002,17.2900912
11.87147291,12.49931241,23.41342086,62.77157704,17.29823917
11.7960663,12.65788581,23.35235544,62.82549668,17.30643322
11.72068206,12.8159786,23.29121656,62.87328127,17.31471066
11.64528726,12.97400625,23.23004559,62.92044589,17.32299381
11.56987192,13.1316137,23.16880938,62.96368028,17.33125417
11.49445732,13.28912583,23.10756311,63.00586249,17.33951689
11.41907097,13.44598904,23.04624866,63.04055949,17.34788816
11.34369136,13.60270761,22.98492806,63.07391807,17.3562639
11.26828849,13.75919891,22.92354074,63.10519404,17.36464842
11.19289229,13.91539402,22.8621634,63.13391639,17.37300413
11.1175063,14.07111439,22.80073483,63.15758675,17.38143783
11.04216037,14.22636229,22.73933542,63.17695081,17.38990179
10.96680681,14.38151179,22.67791223,63.19543868,17.39837802
10.89143576,14.53638334,22.61643836,63.21160151,17.40684442
10.81608228,14.6907946,22.55497107,63.22364555,17.41533749
10.74077829,14.84457062,22.49355108,63.23022866,17.4238825
10.6654924,14.99818799,22.43215954,63.2355129,17.43243521
10.59018818,15.15158758,22.37071168,63.23907549,17.44100158
10.51488271,15.30460235,22.30924367,63.23946744,17.44956644
10.43963641,15.45687428,22.24786093,63.23408055,17.45818884
10.36443571,15.60880323,22.18656281,63.2261477,17.46681111
10.28923239,15.76052181,22.12524594,63.21659896,17.47545847
10.2140192,15.91194034,22.06388613,63.20487998,17.4841103
10.13884731,16.06269205,22.00258643,63.18820241,17.4928063
10.0637426,16.2128971,21.9414287,63.16784934,17.50150394
9.988663824,16.36281199,21.88031687,63.14548875,17.51021922
9.913579679,16.51241935,21.81916545,63.12108908,17.5189526
9.838519788,16.66148419,21.75805535,63.09300232,17.52771064
9.763522169,16.80997961,21.69706269,63.0611489,17.53649883
9.688586686,16.95796963,21.63621355,63.02625235,17.54527954
9.613661307,17.10558464,21.5753592,62.9890203,17.55408537
9.5387501,17.25285515,21.51452708,62.94965689,17.56291295
9.463902752,17.39938329,21.45381687,62.90573757,17.57177833
9.389109625,17.54551554,21.3932279,62.85952417,17.58063992
9.314375335,17.69097577,21.33275627,62.8095349,17.58951989
9.239657027,17.83611232,21.27231133,62.75776988,17.59841863
9.164982993,17.98069297,21.21194829,62.70277612,17.60735616
9.090366373,18.12473948,21.15171052,62.64486228,17.61629727
9.015827473,18.26808277,21.09163134,62.58321796,17.62526071
8.94132948,18.41095093,21.03164911,62.51923056,17.63422796
8.866864338,18.55340467,20.97172039,62.45294651,17.64323921
8.792460343,18.69517822,20.91192311,62.38324344,17.6522637
8.718132566,18.83633062,20.85228216,62.31040118,17.66130778
8.64387375,18.97684744,20.79280249,62.23454562,17.67036099
8.569646567,19.11693914,20.73339024,62.15662378,17.67943415
8.495498902,19.2563012,20.67413012,62.07530827,17.68855355
8.421404266,19.39508753,20.61499119,61.99122637,17.69767245
8.347396228,19.53320874,20.55604223,61.90410204,17.70681929
8.27344547,19.67074198,20.49722622,61.8143907,17.71597842
8.199563563,19.80761129,20.43854357,61.72182616,17.72517655
8.125735937,19.94389179,20.37998059,61.62662142,17.73438495
8.051997123,20.07949891,20.32161625,61.52846789,17.74361777
7.978339622,20.21439324,20.26343674,61.42737953,17.75287052
7.904744479,20.34860233,20.20538312,61.32352762,17.76215233
7.831227985,20.48213356,20.14749395,61.21691019,17.77146713
7.757767968,20.61510779,20.08974362,61.10793523,17.78078193
7.684421005,20.74725329,20.03224715,60.99574636,17.79012948
7.611131727,20.87873909,19.97486448,60.88101523,17.79950705
7.537944493,21.00931025,19.91770235,60.7628343,17.80892127
7.464795236,21.13949546,19.86063462,60.64312655,17.81833518
7.391767122,21.26880038,19.80384225,60.52010404,17.82778281
7.318824362,21.39727508,19.74723144,60.39412823,17.83726014
7.245955869,21.5249782,19.69077637,60.26534989,17.84677456
7.173149333,21.6521339,19.63446839,60.13463878,17.85629353
7.100444914,21.77847207,19.57839622,60.0009987,17.8658441
7.027852513,21.90392662,19.52256769,59.86435277,17.87543008
6.955332718,22.02854993,19.4669017,59.72484496,17.88503651
6.882885574,22.15248496,19.41139167,59.5830402,17.89467665
6.810513662,22.27577107,19.35606365,59.43911427,17.90433283
6.738279434,22.39804597,19.30104653,59.2918472,17.91402396
6.666118312,22.51956887,19.24618873,59.14209637,17.92373568
6.594055689,22.64002407,19.19155469,58.98900504,17.93348281
6.522036159,22.7600813,19.13701721,58.83470341,17.94325512
6.450145711,22.87914129,19.08278376,58.67731603,17.95305846
6.378365802,22.99736413,19.02878851,58.51722551,17.96288619
6.306675144,23.11444261,18.97501132,58.35375174,17.97273243
6.235038976,23.23094688,18.92135442,58.18864341,17.98261228
6.163491443,23.3467282,18.86790201,58.02142019,17.99254012
6.092093231,23.46139236,18.81479175,57.85082066,18.00247443
6.020767288,23.57528507,18.76185079,57.67797705,18.01242648
5.949537429,23.68796066,18.70913944,57.50184678,18.02242174
5.878374935,23.80005287,18.6565851,57.32409225,18.03245278
5.807300726,23.91146528,18.60423301,57.14439391,18.0425009
5.736360664,24.02186847,18.55218661,56.96178814,18.05256192
5.665529033,24.13077717,18.50041192,56.77535904,18.06266751
5.5947538,24.2390794,18.44877498,56.58734828,18.0727962
5.524028932,24.34692036,18.39725768,56.3980889,18.0829472
5.45347067,24.45351212,18.34611544,56.20543482,18.09312594
5.383010071,24.55904545,18.2952137,56.010161,18.10333164
5.312622984,24.66345059,18.24451134,55.81213984,18.11355362
5.242301258,24.7671922,18.19396869,55.61243682,18.12380359
5.172069601,24.87023126,18.14362513,55.4109027,18.13408352
5.101978308,24.97213804,18.09361065,55.20659578,18.1443847
5.031980455,25.072703,18.04385229,54.99916064,18.15469827
4.962054103,25.17233187,17.99428074,54.789538,18.16503865
4.89218275,25.27143613,17.94483651,54.57861149,18.17540275
4.822433116,25.36962312,17.89567044,54.36552973,18.18579452
4.752807486,25.46648638,17.84682238,54.14945888,18.19619673
4.683268297,25.56205449,17.79821856,53.93054215,18.20661161
4.613782825,25.65691786,17.74975423,53.7100151,18.21705156
4.544369838,25.75119471,17.70145202,53.48819313,18.22751469
4.475093971,25.84429641,17.65348663,53.26379249,18.23798796
4.405925037,25.93603575,17.60581618,53.0365331,18.2484718
4.336819005,26.02662203,17.5583367,52.80687278,18.2589757
4.267768282,26.11672941,17.51097857,52.57618205,18.26949396
4.198812292,26.20603201,17.46385618,52.34383575,18.28002079
4.13000019,26.29389385,17.41710851,52.10858544,18.29056116
4.061277512,26.38029493,17.37062944,51.87045598,18.30111672
3.992595299,26.46608462,17.3242593,51.63111696,18.31167194
3.92395933,26.55145158,17.27800387,51.39097696,18.32223376
3.855490748,26.63523164,17.23218543,51.1478313,18.33280466
3.787118943,26.71775053,17.18664156,50.9023054,18.34340022
3.718803092,26.79926268,17.1412731,50.65492203,18.35397444
3.650516214,26.88037171,17.09598285,50.4068351,18.36455171
3.582344128,26.96033799,17.05100304,50.15676397,18.37513488
3.514336723,27.03864636,17.00646577,49.90373724,18.38573312
3.446361491,27.11618726,16.9620462,49.64935777,18.39632024
3.378442638,27.19287835,16.91779273,49.39356111,18.40689098
3.310571571,27.26898179,16.87368123,49.13688857,18.41746656
3.242890556,27.34318612,16.83009727,48.877118,18.42803599
3.175257542,27.4166055,16.78666238,48.61601104,18.43861225
3.107688792,27.48915309,16.74341621,48.35348772,18.44915925
3.040142016,27.56111225,16.70026546,48.09025263,18.45970234
2.972766895,27.63131299,16.6576084,47.82438852,18.47022408
2.905471905,27.70053235,16.6151859,47.5569912,18.48074699
2.838237079,27.76895686,16.57294258,47.28839248,18.49124875
2.771037928,27.83672815,16.53083111,47.01902398,18.50173744
2.70394749,27.90314312,16.48906401,46.7478768,18.51219303
2.636964534,27.96830129,16.44762481,46.47500346,18.52262841
2.570055636,28.03265559,16.40639297,46.20096956,18.53305982
2.503203629,28.0961612,16.36535976,45.92598358,18.54345946
2.436392207,28.1589412,16.32448315,45.65020767,18.55383328
2.369738645,28.21995299,16.28409909,45.37231559,18.56415359
2.303130063,28.28023734,16.24387103,45.09353193,18.57446908
2.23660902,28.33962208,16.20390334,44.81377216,18.58475665
2.170114801,28.39849915,16.16404766,44.53352157,18.59501505
2.103748141,28.45576936,16.12462996,44.25171349,18.60520684
2.03743803,28.51206923,16.08542947,43.96892813,18.61537051
1.971229941,28.56746002,16.04652096,43.68522895,18.62551423
1.905058626,28.62221834,16.00775969,43.40096827,18.63561518
1.83896962,28.67599317,15.96929277,43.11600254,18.64566083
1.772977571,28.72833192,15.93119122,42.82988694,18.65564587
1.70704882,28.77990343,15.89330755,42.54318366,18.66560399
1.641188934,28.83073612,15.85563777,42.25580486,18.67552371
1.575389676,28.88075761,15.81820582,41.96803713,18.68538176
1.509692313,28.92951319,15.78116176,41.67963491,18.69517117
1.444047598,28.97728123,15.74434759,41.39062436,18.70490894
1.378478453,29.02433914,15.70776466,41.1010924,18.71460869
1.312969011,29.07062391,15.67141144,40.81125368,18.72424634
1.247557165,29.11590389,15.63542805,40.52127606,18.73380993
1.182190788,29.16007461,15.59969014,40.23082778,18.74330689
1.116896379,29.20350132,15.56419938,39.94008827,18.75274725
1.051671752,29.24614103,15.52895285,39.64900799,18.7621326
0.986533992,29.28780683,15.49406613,39.35812449,18.771428
0.921450708,29.32861767,15.45943229,39.06713217,18.78065471
0.856426555,29.36853423,15.42504958,38.7759874,18.78981264
0.791460937,29.40775506,15.39089292,38.48474064,18.79890727
0.726571523,29.44608363,15.35705679,38.19377345,18.80791834
0.661765398,29.48349739,15.32356962,37.90309401,18.81683303
0.597006913,29.52001732,15.29032242,37.61240918,18.82566663
0.532291599,29.55598649,15.25726703,37.32191728,18.83444886
0.467643865,29.59107836,15.22451234,37.03174403,18.8431382
0.403099685,29.62519302,15.19216804,36.74219208,18.85171168
0.338579833,29.65859135,15.16002082,36.45294814,18.86020024
0.274127727,29.69120789,15.12815975,36.1640979,18.86860978
0.209706316,29.72328533,15.09648871,35.87577457,18.87694845
0.145372969,29.75440826,15.0651841,35.58809483,18.88517182
0.081087141,29.78478371,15.03416021,35.30120725,18.89328652
0.01687365,29.81425191,15.00347498,35.01498469,18.90128681
-0.047308895,29.84323535,14.97297523,34.72942993,18.9092257
-0.111466889,29.87172685,14.94263455,34.44439322,18.91709432
-0.17551865,29.89904031,14.91279667,34.16085112,18.92478377
-0.239535821,29.92564317,14.88321771,33.87828872,18.93236139
-0.303497978,29.95170798,14.85387763,33.59637021,18.93986648
-0.36745786,29.97742151,14.82464446,33.31517319,18.94730821
-0.431338076,30.00217929,14.79581265,33.03542104,18.95459972
-0.495173833,30.0260262,14.76734981,32.75749979,18.96172209
-0.558953566,30.04929503,14.73913592,32.48030093,18.96875436
-0.622709125,30.07220244,14.711086,32.20397458,18.97571812
-0.686446813,30.09459691,14.68322724,31.92884445,18.98258591
-0.750125253,30.11586472,14.6558414,31.6562891,18.98923849
-0.813760738,30.13660134,14.62869137,31.38475815,18.99578376
-0.877350925,30.15687979,14.60177607,31.11427712,19.00223561
-0.94094523,30.17685539,14.57495982,30.8447996,19.00862939
-1.00450344,30.1958412,14.54856215,30.57815257,19.01481009
-1.068016038,30.21418602,14.52246761,30.31324279,19.02084336
-1.131491226,30.23197549,14.49662064,30.04970136,19.02675148
-1.194951286,30.24953436,14.47089765,29.7870135,19.03261502
-1.258403725,30.26637818,14.4454813,29.52708079,19.03829702
-1.321837983,30.28246791,14.42036871,29.26945656,19.04380041
-1.385244701,30.29808893,14.39548236,29.01345845,19.04917226
-1.448611676,30.31330709,14.37082331,28.75878887,19.0544627
-1.511981718,30.32806448,14.34636996,28.50628502,19.05961843
-1.575368366,30.34211454,14.32218491,28.25660536,19.06457641
-1.638730271,30.35569879,14.29823516,28.00890482,19.06939777
-1.702069288,30.36875263,14.27452961,27.76316493,19.07409004
-1.765394948,30.381517,14.25099816,27.5189484,19.07869297
-1.828746147,30.39359708,14.22775208,27.27821067,19.08307027
-1.892103975,30.40517479,14.20470423,27.03966498,19.08729966
-1.955468716,30.41635625,14.18182286,26.80323056,19.0914083
-2.018792755,30.42712792,14.1592062,26.56875319,19.09540046
-2.082149816,30.43740555,14.13679475,26.33718521,19.09920157
-2.145534429,30.44717155,14.11459189,26.10839495,19.10283569
-2.20895461,30.45650692,14.0925291,25.88226671,19.10632027
-2.272348018,30.46546994,14.07068362,25.65804608,19.10969217
-2.335747755,30.47402369,14.04906264,25.43651333,19.11290106
-2.399206139,30.48202169,14.02765259,25.21848778,19.11589754
-2.462722058,30.4896442,14.00633393,25.00308643,19.11875187
-2.5262373,30.49692325,13.98517874,24.78984963,19.12148173
-2.589732002,30.50390075,13.9642403,24.57869938,19.1241037
-2.653317196,30.51021139,13.94354172,24.37232561,19.12643631
-2.716955042,30.51623581,13.92292628,24.16820692,19.12865241
-2.78063359,30.52193916,13.90239329,23.96642858,19.13073498
-2.844302023,30.52729926,13.88207093,23.76716094,19.13269026
-2.908050351,30.53216383,13.86194046,23.57203141,19.13441591
-2.971875674,30.53658623,13.84195614,23.38041679,19.13594165
-3.035749673,30.54081787,13.82199274,23.19049354,19.13737605
-3.099652683,30.54469914,13.80216755,23.00344667,19.13866103
-3.163602854,30.54819053,13.78254029,22.82007536,19.13977244
-3.22767693,30.55112816,13.76306745,22.64143948,19.14061215
-3.291799321,30.55390615,13.74361474,22.4644014,19.14135695
-3.355967663,30.55644517,13.7242119,22.28949217,19.14199334
-3.420188086,30.55862919,13.70497061,22.11842095,19.14247577
-3.484562281,30.56019407,13.68590295,21.95310884,19.14262981
-3.549007317,30.56154847,13.66685173,21.78985518,19.14266101
-3.613475633,30.56278568,13.64783462,21.62774042,19.14263383
-3.678045906,30.5637022,13.62886183,21.46953566,19.14245237
-3.742739718,30.56409237,13.61008973,21.31703957,19.14198114
-3.807569057,30.56409353,13.59133955,21.16816056,19.14129266
-3.87241969,30.56400388,13.57261358,21.0201762,19.14055293
-3.937346856,30.5637776,13.55386825,20.87435057,19.13974139
-4.002418357,30.56309715,13.5352496,20.73458178,19.13866058
-4.067687109,30.56184237,13.51670493,20.60057018,19.13725794
-4.132990124,30.56046908,13.49816506,20.46742473,19.13579556
-4.19832742,30.55908413,13.47960677,20.33513968,19.13431694
-4.263788154,30.55745108,13.46105669,20.2070564,19.13267719
-4.329548956,30.55506976,13.44259297,20.08789913,19.13058251
-4.395374986,30.55250003,13.42412671,19.97026855,19.12839534
-4.461214472,30.54992655,13.40565159,19.85290198,19.12620594
-4.52710333,30.54731954,13.38714828,19.73683622,19.12397602
-4.593339339,30.54404045,13.36866523,19.63100693,19.12129763
-4.659744205,30.54036719,13.35016919,19.52912401,19.11840077
-4.726158017,30.53669403,13.33166727,19.42742089,19.11550263
-4.792571829,30.53302088,13.31316536,19.32571777,19.1126045
-4.83285543,30.53120194,13.30220462,19.2675269,19.11130534
-4.8332846,30.53117647,13.30209201,19.26716684,19.11133501
-4.8332846,30.53117647,13.30209201,19.26716684,19.11133501
-4.8332846,30.53117647,13.30209201,19.26716684,19.11133501
-4.8332846,30.53117647,13.30209201,19.26716684,19.11133501
