#size: 500 4
#hip stance, hip swing, knee stance, knee swing
22.37574744,-14.86082028,9.934029115,23.72058157
22.38000459,-14.82078596,10.13120626,23.9632011
22.38416902,-14.78066266,10.32811022,24.20579079
22.38812743,-14.73946143,10.52541581,24.44959746
22.39163802,-14.69531265,10.72398789,24.69700763
22.39447935,-14.6475154,10.92366102,24.94889416
22.39675601,-14.59672815,11.12402082,25.20438414
22.39852356,-14.54353064,11.32475943,25.46269616
22.39968486,-14.48760288,11.52568447,25.72425459
22.4001109,-14.42853172,11.72672447,25.9895268
22.39983242,-14.36674654,11.92768182,26.25791886
22.39887171,-14.30203629,12.1285689,26.52971761
22.39707156,-14.23436262,12.32897573,26.80489212
22.39442102,-14.16406352,12.52864988,27.08302702
22.39096825,-14.09112313,12.7276855,27.36414266
22.38674077,-14.01543824,12.92614834,27.64833335
22.38159703,-13.93699681,13.12363733,27.93554752
22.37533823,-13.85571897,13.31960198,28.22581643
22.36824212,-13.77193105,13.5145408,28.51881566
22.36023628,-13.68556464,13.70834631,28.81454957
22.35119247,-13.59659744,13.90064702,29.11297938
22.34111285,-13.50504826,14.09137422,29.4140958
22.32989497,-13.41082647,14.28029481,29.71793592
22.31768019,-13.31423132,14.46761716,30.02413902
22.30453277,-13.21548861,14.65341999,30.332433
22.29010704,-13.11408601,14.83700093,30.64327745
22.27454341,-13.01022659,15.01855174,30.95649872
22.25792801,-12.90408819,15.19822479,31.27184025
22.24011834,-12.79559472,15.37573189,31.58925807
22.22113878,-12.68481279,15.55106941,31.90870355
22.20097368,-12.57185404,15.72410856,32.23005798
22.179628,-12.45672659,15.89486556,32.5532407
22.15716909,-12.33951687,16.0634768,32.87808242
22.13344993,-12.22012363,16.22959121,33.20458965
22.10846568,-12.09861343,16.39314954,33.53275402
22.08226917,-11.97507479,16.55424065,33.86244655
22.05483647,-11.84949741,16.71282744,34.19351221
22.02626985,-11.72210599,16.86909117,34.5257612
21.99644184,-11.5927905,17.02273083,34.85927881
21.96530381,-11.46156871,17.17361342,35.19395353
21.93291887,-11.32850803,17.32183623,35.52963844
21.89932535,-11.19360065,17.46751522,35.86634805
21.86445405,-11.05691849,17.61047218,36.20388544
21.82831678,-10.9185156,17.75068826,36.54220904
21.79101643,-10.7786213,17.88837048,36.88108014
21.75243786,-10.63707791,18.02327722,37.22051487
21.71259364,-10.49385212,18.15542608,37.56055052
21.67144664,-10.3489311,18.28472385,37.90116241
21.6290645,-10.20259291,18.41127498,38.24195524
21.58553332,-10.05496661,18.5352465,38.58274359
21.54079603,-9.905863021,18.65654672,38.92379778
21.4947217,-9.755162835,18.77487786,39.26515483
21.44730918,-9.603047226,18.89021548,39.60640227
21.39878005,-9.449837754,19.00299123,39.94725643
21.34923827,-9.295498704,19.11346434,40.28799133
21.29835283,-9.139721748,19.22093285,40.62861906
21.24604615,-8.982522336,19.32516357,40.96885007
21.19250599,-8.824199194,19.42655106,41.30841676
21.13804902,-8.665006507,19.5258224,41.64752865
21.082492,-8.504775446,19.62256802,41.98612958
21.02562462,-8.343358981,19.71628264,42.32397203
20.96737407,-8.180760762,19.80680478,42.66083765
20.90798784,-8.01715051,19.89470643,42.99693562
20.84763119,-7.852723905,19.98033717,43.33227679
20.78621594,-7.687514216,20.06345982,43.66652781
20.72350095,-7.521323568,20.1435409,43.99948527
20.65954373,-7.354163365,20.22073723,44.3312308
20.59456495,-7.186197042,20.2955122,44.66190027
20.52855059,-7.017507056,20.36781629,44.99131546
20.46150122,-6.848173914,20.43764549,45.3192917
20.39321759,-6.678036973,20.50457002,45.64557111
20.32378721,-6.507107382,20.56877933,45.97034747
20.25333825,-6.335545925,20.63053351,46.29360777
20.18196039,-6.163470681,20.69000862,46.61524466
20.10958295,-5.990871286,20.74706999,46.93513671
20.03603026,-5.817602826,20.80133672,47.25301454
19.96135634,-5.643672488,20.85290086,47.56898894
19.88576095,-5.469299593,20.90219742,47.88321092
19.80925488,-5.294576188,20.94925123,48.19536817
19.73182361,-5.119437798,20.99401687,48.50547575
19.65336408,-4.943822087,21.03625714,48.81336102
19.57380172,-4.767718495,21.07581006,49.11889956
19.49327307,-4.591245913,21.1129904,49.42225317
19.4119648,-4.414551389,21.14819323,49.72344765
19.32983328,-4.237604166,21.18129526,50.02233915
19.24673363,-4.060346738,21.21197048,50.31863761
19.16262773,-3.882785346,21.24013747,50.61223844
19.07762221,-3.70496799,21.26602676,50.90339213
18.9918448,-3.527030258,21.28989351,51.19198556
18.9053539,-3.349008625,21.31185061,51.47807093
18.81807347,-3.170873634,21.33170763,51.76143683
18.72989435,-2.992626608,21.34922943,52.04176082
18.64087832,-2.814254193,21.3645567,52.31925771
18.5511095,-2.635844989,21.37788154,52.5939365
18.4606931,-2.457475993,21.38941684,52.86582757
18.36957015,-2.279129998,21.39897919,53.1347623
18.27771977,-2.10085344,21.406506,53.40053674
18.18514982,-1.922620502,21.41204831,53.66332994
18.09188834,-1.744485201,21.41567261,53.92293855
17.99803385,-1.566509536,21.41755683,54.17939023
17.90357588,-1.388695243,21.41762264,54.43266485
17.80851367,-1.211073563,21.41588747,54.68277579
17.7127936,-1.033649804,21.41224143,54.92953056
17.61650692,-0.856465418,21.40689496,55.17293484
17.51971313,-0.679546892,21.39996121,55.4131171
17.42238096,-0.502908073,21.39134046,55.64990584
17.32450529,-0.326556442,21.38099791,55.88315971
17.22608244,-0.150492235,21.36897584,56.1129888
17.12706773,0.025486002,21.35545206,56.33987792
17.02725984,0.201888367,21.34054818,56.56483843
16.9266802,0.378739834,21.32433291,56.78780607
16.82533087,0.556055614,21.30682327,57.00859093
16.72308734,0.733850318,21.28777045,57.22695386
16.62002411,0.912092879,21.26734058,57.44323933
16.51612925,1.090747087,21.24548014,57.65718867
16.41143483,1.269819755,21.22228225,57.86872688
16.30588837,1.449346065,21.19767424,58.0775869
16.19947837,1.629341145,21.17167187,58.28405945
16.09220766,1.809844393,21.14430157,58.48807085
15.98402804,1.990867482,21.11551447,58.68935509
15.87488145,2.172403497,21.08520724,58.88769495
15.76482648,2.354434436,21.05350026,59.08336914
15.65397271,2.536940068,21.02061256,59.27654068
15.54227634,2.719874756,20.98639244,59.46675045
15.42966992,2.903170393,20.95065457,59.65353673
15.31618082,3.086749257,20.91343013,59.83678836
15.20191781,3.270563453,20.87488437,60.01651166
15.08698388,3.454608284,20.83522348,60.19312837
14.97125512,3.638751789,20.79409432,60.36578481
14.85477798,3.82297184,20.75156326,60.53458537
14.73770283,4.007163652,20.70790654,60.69957011
14.61996517,4.191260826,20.66288953,60.8600722
14.50160222,4.375190182,20.61653989,61.01630128
14.38273319,4.558898735,20.56906236,61.16838896
14.26339275,4.742301516,20.52045064,61.31610336
14.14357712,4.925338972,20.47068222,61.4594747
14.02333917,5.107876238,20.4197491,61.59789491
13.90274311,5.289876902,20.36774459,61.73156443
13.78180496,5.471282026,20.31464734,61.86040882
13.66056277,5.651973415,20.26046696,61.98408012
13.53910827,5.831946998,20.20537851,62.1031828
13.41749904,6.011188319,20.14945212,62.21782371
13.29574189,6.189530159,20.0926236,62.32719614
13.17379112,6.366901546,20.03474852,62.43102582
13.05174621,6.543340111,19.97605444,62.53001734
12.92962595,6.718804775,19.91653779,62.62404271
12.80747347,6.893281168,19.85625166,62.71327009
12.68536678,7.066717781,19.79534195,62.797871
12.56326518,7.238965538,19.73365388,62.87710528
12.44120905,7.410002627,19.67122861,62.95108109
12.31922346,7.579927031,19.60814327,63.02052565
12.19736386,7.748688892,19.54449018,63.08534148
12.07564717,7.916177511,19.48027566,63.14518779
11.9540455,8.082371627,19.41541804,63.20007185
11.83259817,8.247325974,19.34999758,63.2503924
11.71138439,8.411093223,19.28419476,63.29674449
11.59037627,8.5735443,19.21790572,63.33842785
11.46958466,8.734668868,19.15115309,63.37549602
11.34899383,8.8944412,19.08388624,63.40800958
11.22859293,9.052946326,19.01613069,63.43631926
11.10843997,9.210247068,18.94804264,63.46078476
10.98852296,9.366259169,18.879582,63.48090353
10.86878699,9.521098383,18.81071833,63.49725248
10.74920373,9.674779718,18.7414186,63.50977804
10.62976516,9.827225806,18.67165872,63.5180242
10.51048435,9.978575484,18.60154229,63.52256697
10.39112276,10.1291073,18.53093466,63.52329133
10.27127083,10.27935067,18.45961365,63.52015179
10.15093177,10.42933536,18.38763683,63.51319128
10.03010101,10.57911562,18.31503879,63.50260145
9.908738009,10.72872261,18.24177971,63.48820023
9.786824885,10.87814002,18.16782374,63.46988095
9.664348102,11.02730133,18.09317516,63.44731888
9.541307888,11.1762814,18.01784711,63.42092144
9.417724749,11.32502902,17.94185714,63.39035577
9.293632044,11.47360084,17.86531743,63.35596612
9.168996962,11.62200173,17.78816417,63.31773698
9.043789122,11.77012155,17.71029995,63.27506536
8.918028055,11.91794667,17.63178435,63.22809894
8.791764121,12.06547772,17.55271129,63.17699278
8.665009145,12.21275971,17.47310911,63.12182582
8.537764631,12.35982415,17.39299447,63.06279864
8.410033202,12.50648529,17.31232491,62.99918134
8.281842964,12.65270693,17.23112216,62.93100034
8.153242606,12.79850519,17.14948595,62.8583813
8.024237872,12.94393318,17.06743266,62.78169688
7.89482191,13.0889567,16.98493588,62.70095122
7.765055878,13.23341586,16.90205904,62.61559324
7.634938087,13.37737463,16.81880441,62.52593409
7.504515417,13.52076769,16.73524922,62.43184015
7.373839554,13.66354446,16.65147342,62.33336878
7.242897624,13.80577024,16.56744023,62.23072642
7.111691999,13.94735812,16.48312713,62.12380654
6.980305662,14.08819225,16.39866055,62.01234563
6.848767218,14.22836346,16.31408677,61.89689539
6.717101942,14.36773365,16.22941323,61.77698541
6.58534657,14.50628163,16.14469517,61.65268971
6.453537669,14.64401961,16.06000216,61.52428663
6.321691509,14.78096695,15.97532399,61.39202306
6.189840748,14.91703956,15.89070284,61.25572818
6.058035977,15.05208858,15.80618863,61.11509519
5.926289776,15.18620376,15.72179804,60.97060074
5.79465562,15.31934578,15.63761745,60.82217788
5.663190022,15.45148233,15.55371888,60.6700512
5.531902783,15.58258421,15.47009186,60.5141636
5.400826208,15.71252036,15.38676897,60.35431659
5.270010842,15.84132451,15.30381984,60.19082436
5.139458384,15.96907825,15.22124016,60.02406828
5.009228616,16.09569101,15.13910252,59.85387153
4.87937955,16.22097883,15.05746982,59.67992825
4.749928166,16.34504742,14.97637389,59.50274228
4.620874344,16.46795224,14.89579147,59.3225591
4.492253402,16.58950099,14.81575226,59.13899529
4.364117598,16.70979448,14.73633416,58.95249088
4.236499547,16.82888313,14.65758232,58.76335093
4.109453395,16.94651778,14.57955584,58.57111948
3.982951561,17.06282491,14.50217831,58.37613281
3.857021057,17.17785558,14.42547954,58.17865443
3.731760284,17.2914381,14.34962623,57.97839813
3.607165439,17.40358217,14.27457723,57.77561763
3.483188218,17.51444846,14.20022515,57.57083713
3.359922593,17.62392569,14.12672784,57.3637822
3.237395811,17.73198211,14.05410278,57.15449185
3.115635701,17.83852425,13.9823862,56.94298697
2.994552997,17.9437946,13.91139363,56.72991668
2.874238626,18.04776459,13.84127282,56.51525052
2.754786993,18.15021169,13.77218132,56.29861349
2.636115833,18.25126177,13.70394206,56.08030099
2.518254035,18.35095953,13.63660496,55.86051801
2.401192356,18.44928313,13.57013927,55.63928516
2.284939694,18.54632155,13.50458381,55.41685304
2.169504244,18.64200537,13.43993056,55.19311002
2.054915505,18.73624707,13.37623199,54.96791466
1.94112929,18.82931035,13.3134041,54.74183446
1.828132141,18.92124223,13.25143703,54.51496504
1.715923079,19.01185206,13.19035332,54.28687277
1.604490833,19.10112935,13.13014075,54.0575555
1.493839638,19.18922809,13.07081718,53.82730453
1.383942339,19.27628659,13.01233481,53.59638915
1.274770349,19.36222327,12.95465737,53.36465057
1.166289616,19.44704611,12.89775245,53.13206586
1.058521546,19.53074132,12.84167596,52.89860805
0.95146416,19.61339161,12.78643828,52.66435478
0.845059052,19.69507348,12.73194672,52.42936245
0.739309566,19.77578609,12.67821542,52.19370161
0.63418583,19.85549503,12.62521861,51.95732826
0.529690558,19.93426501,12.57296432,51.72031896
0.42581784,20.01211536,12.52145607,51.48264942
0.322525135,20.08912529,12.470619,51.24441431
0.21981263,20.16527034,12.42047785,51.00561755
0.117653301,20.24057007,12.37101014,50.76629987
0.016021439,20.31508041,12.32222018,50.52636857
-0.085454008,20.38904178,12.27394776,50.28481028
-0.186909209,20.462565,12.22607556,50.04149585
-0.288331685,20.53556806,12.17864849,49.79631264
-0.38970698,20.6080296,12.13170992,49.54915828
-0.491036103,20.67996755,12.08526575,49.3000396
-0.592347253,20.75145921,12.03926687,49.04909341
-0.693657987,20.8224378,11.99370239,48.79616658
-0.794978033,20.8929145,11.94857544,48.54127334
-0.896308628,20.96288545,11.90389391,48.28436665
-0.99762709,21.0323541,11.8596982,48.02543456
-1.098935559,21.10125983,11.81599137,47.76435613
-1.200264399,21.16962006,11.77273391,47.50116783
-1.301625396,21.23747052,11.72991542,47.23590579
-1.403008101,21.30480232,11.68756779,46.96861112
-1.504384113,21.37156888,11.64574679,46.69909243
-1.60578025,21.43775258,11.60439742,46.42734691
-1.70721574,21.50341294,11.56348217,46.15353286
-1.80865331,21.56839008,11.52309446,45.8773617
-1.910104926,21.63273364,11.48321376,45.59895701
-2.011541105,21.69650403,11.44388674,45.3183956
-2.112965295,21.7596655,11.40510962,45.03560969
-2.214427572,21.82216718,11.36678459,44.75048799
-2.315908654,21.88393144,11.32896135,44.46294552
-2.417373203,21.94496862,11.29171968,44.17309054
-2.518805231,22.00537375,11.25507892,43.88103082
-2.620196681,22.06504902,11.21905491,43.58659154
-2.721590863,22.12391079,11.18357822,43.28965122
-2.823003166,22.18202807,11.14860792,42.99037262
-2.924382002,22.23936594,11.1142457,42.68869759
-3.025705923,22.29586065,11.08053957,42.38454674
-3.126965716,22.35156273,11.04750679,42.0781115
-3.228169367,22.40638712,11.01512218,41.76916617
-3.329362965,22.46026008,10.98329543,41.45758728
-3.430519578,22.51335365,10.95208256,41.14378684
-3.531560513,22.56551238,10.92165282,40.82752226
-3.632512433,22.61669766,10.89193504,40.50872397
-3.733400744,22.66683112,10.86288049,40.18726045
-3.834242355,22.71606652,10.83445812,39.86357343
-3.934971295,22.76432232,10.80680566,39.53750523
-4.035536895,22.81142416,10.78001838,39.20866671
-4.136035128,22.85758622,10.75387263,38.87746712
-4.236453973,22.90267914,10.7284157,38.5438711
-4.336747542,22.94658729,10.70375434,38.20768183
-4.436886609,22.98936835,10.6799324,37.86910536
-4.536892951,23.03113915,10.65688575,37.52833786
-4.636724203,23.07168102,10.63470829,37.18500949
-4.736413002,23.11092758,10.61334406,36.83910741
-4.835961322,23.14912212,10.59275609,36.49112785
-4.935328706,23.18598003,10.57305207,36.14055873
-5.034566288,23.22173184,10.55409556,35.78783763
-5.133614377,23.25621681,10.53602823,35.43293345
-5.232431945,23.28937774,10.51890694,35.07571525
-5.331046977,23.32126104,10.50268071,34.71635759
-5.429444902,23.35178414,10.48738495,34.35475653
-5.527689149,23.38107654,10.47286692,33.99116566
-5.625717988,23.40905005,10.45926041,33.62556351
-5.723469676,23.43564215,10.44667482,33.25791677
-5.820973424,23.46092683,10.43504815,32.88844232
-5.918251022,23.4847898,10.42433866,32.51706305
-6.015324415,23.50736079,10.41447938,32.14395241
-6.112157916,23.5287092,10.40551796,31.76931079
-6.208636707,23.54838922,10.39775375,31.39281679
-6.304850734,23.56677647,10.39093255,31.01484129
-6.40084411,23.58395265,10.3849339,30.63549093
-6.496585103,23.59974632,10.37987554,30.25482658
-6.591966465,23.61403703,10.37596905,29.87292687
-6.687001508,23.62687161,10.37315939,29.48980125
-6.781791701,23.63856453,10.37118215,29.10574825
-6.876300769,23.64891324,10.37014855,28.72074711
-6.970467696,23.65781358,10.37017961,28.33482125
-7.064269913,23.66536787,10.37130251,27.9482304
-7.157736249,23.67158874,10.37344811,27.5610506
-7.25090902,23.67654151,10.37649866,27.17330028
-7.343726148,23.68020088,10.38059458,26.7852078
-7.436156188,23.68256741,10.38578011,26.39703438
-7.528218961,23.68369377,10.39200088,26.0087881
-7.619914403,23.68351416,10.3992522,25.62035476
-7.711252119,23.68207911,10.40749346,25.23201092
-7.802221418,23.67960712,10.41669849,24.84414908
-7.8927578,23.6758366,10.42705964,24.45675536
-7.982904454,23.67082336,10.43844722,24.0695961
-8.072666908,23.66482153,10.45079229,23.68323497
-8.162022911,23.65765821,10.46417678,23.29776064
-8.250919495,23.6493891,10.47867849,22.91330522
-8.339415057,23.64010977,10.4941313,22.52961564
-8.427525828,23.62981546,10.51052148,22.14710078
-8.515192472,23.61858479,10.52795434,21.76610432
-8.602330471,23.60619709,10.54663322,21.38682893
-8.689021954,23.59289708,10.56632895,21.00911815
-8.77531821,23.57888607,10.58686358,20.63310176
-8.861195757,23.5640358,10.60830187,20.25871549
-8.946554188,23.54818164,10.63087822,19.88613081
-9.031442581,23.53154033,10.65447835,19.51598013
-9.115867619,23.5142252,10.67906116,19.14837361
-9.199779716,23.49619861,10.70468531,18.78321046
-9.283199786,23.47743206,10.73130277,18.42038588
-9.366165671,23.45793542,10.75885612,18.06014417
-9.448695385,23.43793242,10.78721076,17.70228815
-9.530685673,23.41738085,10.81660614,17.34746811
-9.61215106,23.39622773,10.84706866,16.99595333
-9.69309971,23.3745118,10.87853889,16.64780589
-9.773538001,23.35237247,10.91094888,16.30298604
-9.853476653,23.32975573,10.94425414,15.96117388
-9.932961483,23.30667819,10.97837919,15.62240162
-10.01194919,23.28334945,11.01335235,15.2871079
-10.09036416,23.25967454,11.04937254,14.95587569
-10.16825322,23.23563818,11.08635657,14.62855504
-10.24565076,23.21129617,11.12418997,14.30492449
-10.32252476,23.18673141,11.16291597,13.98522329
-10.39888178,23.1619468,11.20249212,13.66926844
-10.47474286,23.13703302,11.24290058,13.35744091
-10.55007207,23.11195578,11.28422163,13.0499644
-10.62485675,23.08672766,11.3264298,12.74675638
-10.69912533,23.06137406,11.3694976,12.44778754
-10.77294019,23.03597581,11.4132571,12.15269935
-10.84621033,23.01059779,11.4578565,11.86226974
-10.91893554,22.98517763,11.50338327,11.57653953
-10.99114955,22.959735,11.54973927,11.2953486
-11.0628458,22.93436159,11.5968794,11.01890213
-11.13402644,22.909068,11.64481895,10.74703952
-11.20471905,22.88386954,11.6934974,10.47960166
-11.27496012,22.85875185,11.74285109,10.21659356
-11.34464091,22.83375347,11.79308883,9.958748264
-11.41374435,22.80893397,11.84424409,9.706271284
-11.48237497,22.7843235,11.89607317,9.4582559
-11.55053895,22.75992066,11.94857867,9.214896328
-11.6181627,22.73572586,12.00193868,8.976939628
-11.68531569,22.71173702,12.05600361,8.743749069
-11.75198027,22.68800828,12.11080894,8.515585838
-11.81815061,22.66456742,12.16635193,8.29233704
-11.88380437,22.64141856,12.22269168,8.074148321
-11.94892295,22.61857562,12.2798857,7.861541931
-12.01356451,22.5960751,12.3377905,7.654119598
-12.07778822,22.57389083,12.39627676,7.451243668
-12.14151077,22.55205793,12.45549263,7.253420173
-12.20462092,22.53066588,12.51569711,7.061818986
-12.26728278,22.50965863,12.57659339,6.875413798
-12.32952061,22.4889987,12.63811455,6.693753234
-12.39134314,22.46873333,12.70022805,6.516754094
-12.45265296,22.44892388,12.76317025,6.345405115
-12.51340453,22.42963362,12.82703668,6.180305588
-12.5736047,22.4108003,12.89179776,6.020804368
-12.63341271,22.3923768,12.95714714,5.865711349
-12.69282798,22.37440005,13.02315194,5.715515673
-12.75173644,22.3569555,13.09004914,5.571262107
-12.81013172,22.3400315,13.15784856,5.433006946
-12.86801053,22.32361962,13.22647083,5.300191526
-12.92535557,22.30774615,13.29590116,5.172586214
-12.98227841,22.29237343,13.36602639,5.050183341
-13.03873742,22.27753417,13.43689831,4.933250052
-13.09467596,22.26326422,13.50858308,4.821815565
-13.15011087,22.24960597,13.58113371,4.716362541
-13.20513481,22.23649284,13.65438325,4.616095096
-13.259722,22.22389745,13.72835148,4.520781739
-13.31385455,22.21190022,13.80320644,4.431069951
-13.3675373,22.20055113,13.87908292,4.347561399
-13.42080369,22.18976691,13.95593382,4.269463873
-13.47360845,22.17953028,14.03376994,4.196594078
-13.52595648,22.16991059,14.11257578,4.129250948
-13.57783301,22.16096632,14.1923693,4.067837576
-13.62918702,22.15270146,14.27333571,4.012488509
-13.68003812,22.14508381,14.35541677,3.9628156
-13.73046875,22.13811542,14.43847034,3.918627884
-13.78044322,22.13184325,14.52266151,3.880289032
-13.82997239,22.12619962,14.6079886,3.847382436
-13.87899934,22.12125212,14.69451068,3.820463652
-13.92752884,22.11702451,14.78224185,3.799511702
-13.97556561,22.11343254,14.87112892,3.783895906
-14.0230085,22.11055234,14.96129731,3.774123217
-14.06993579,22.1084619,15.05293225,3.7707868
-14.1175058,22.1072834,15.14713109,3.773706906
-14.16588581,22.10709439,15.24431525,3.783369544
-14.21479675,22.10805618,15.34479286,3.801514054
-14.26409398,22.11007361,15.44850686,3.827811002
-14.31350838,22.11315718,15.55561015,3.862753256
-14.36303088,22.11729301,15.66572769,3.906020382
-14.41224784,22.1224433,15.7790316,3.958084187
-14.46076417,22.12863054,15.89550308,4.019644771
-14.50850127,22.13566051,16.01476545,4.089321352
-14.5551902,22.14358459,16.13646404,4.166890769
-14.60048272,22.15225612,16.26060874,4.251812053
-14.644162,22.16150012,16.38685204,4.343416992
-14.68576303,22.17118292,16.51483199,4.440803584
-14.72540823,22.18128139,16.64417236,4.543023279
-14.76266527,22.19164515,16.77520655,4.649838575
-14.79760336,22.202119,16.90735514,4.760059852
-14.83019328,22.21260458,17.04001248,4.872664528
-14.86039686,22.2229648,17.17253653,4.986460818
-14.8882424,22.23312103,17.30432235,5.100529841
-14.91390914,22.24310722,17.43467784,5.214160629
-14.93780835,22.25260505,17.56135304,5.323584055
-14.95954468,22.26181044,17.68734072,5.432727449
-14.97940487,22.27079731,17.81336138,5.542175731
-14.99765054,22.27950572,17.93937083,5.651494501
-15.0142095,22.28789087,18.06561275,5.760743186
-15.02924654,22.29587159,18.19215451,5.869618738
-15.04266532,22.30343155,18.31916162,5.978268487
-15.05483906,22.31043345,18.44530855,6.084896005
-15.0655857,22.31695156,18.57142216,6.190298019
-15.07504822,22.32300791,18.69765603,6.294579682
-15.08337816,22.32867104,18.823979,6.39796477
-15.09042276,22.33390555,18.95052685,6.500668148
-15.09625152,22.33864604,19.07700724,6.601981549
-15.10107769,22.34288272,19.20336296,6.701742469
-15.10504865,22.34675589,19.33074993,6.801399625
-15.10791841,22.35050805,19.4618987,6.904130178
-15.10965125,22.3540822,19.59694883,7.00951007
-15.11022036,22.35750383,19.73587572,7.117587583
-15.10958213,22.36079958,19.8789321,7.228895009
-15.10775694,22.36401193,20.02617455,7.343630998
-15.10461036,22.3670848,20.17768503,7.461411323
-15.10013823,22.36999514,20.33347159,7.582094752
-15.09414025,22.37280187,20.49390651,7.70646335
-15.08650009,22.3754419,20.6591268,7.834287024
-15.07718484,22.37794723,20.82920634,7.965755955
-15.06620694,22.38036331,21.00411959,8.100858592
-15.05338634,22.38268986,21.18438118,8.240057687
-15.03865688,22.38485398,21.37009667,8.383204459
-15.02175815,22.38688972,21.5618164,8.530743988
-15.00286614,22.38880563,21.75914586,8.682235349
-14.98142856,22.39057649,21.96265294,8.838316464
-14.95734439,22.39214978,22.17257781,8.998839546
-14.93071249,22.3936369,22.38826238,9.163263287
-14.90111517,22.39498159,22.61052761,9.332126747
-14.86843251,22.39614301,22.8391448,9.5049824
-14.83246125,22.39709327,23.0749162,9.682297062
-14.792836,22.39776545,23.31870714,9.864394416
-14.74939053,22.39813356,23.57068507,10.05116245
-14.70170728,22.39806758,23.83061892,10.24177438
-14.6504013,22.39756175,24.09709336,10.43515606
-14.59446618,22.39658622,24.37256049,10.6328269
-14.53358446,22.39498988,24.65745753,10.83471999
-14.46725473,22.39267664,24.95220939,11.04078173
-14.39595174,22.38963721,25.25561704,11.24987936
-14.3188815,22.38581079,25.56894077,11.46232466
-14.23598065,22.3810104,25.89152911,11.67741608
-14.14665441,22.37504609,26.2240725,11.89472068
-14.05083969,22.36772191,26.56587311,12.11318255
-13.94824192,22.35888546,26.91704139,12.33251219
-13.83905711,22.34834094,27.27578556,12.5506884
-13.72330922,22.3359386,27.64054605,12.76618854
-13.60191454,22.3215196,28.00841847,12.9767671
-13.47476625,22.30471369,28.37807549,13.18075965
-13.343817,22.28527662,28.742744,13.37300148
-13.21553239,22.26377965,29.08166602,13.54061925
-13.10006078,22.24118544,29.36642613,13.66861849
-13.01922201,22.22102802,29.54757888,13.73529032
-13.00951217,22.21836373,29.56804619,13.74165003
