#size: 500 4
#stance_hip, swing_hip, stance_knee, swing_knee
0.619408122,-0.596655754,11.32282202,9.773255851
0.630452054,-0.572442377,11.35040298,9.833609582
0.641486341,-0.548182714,11.37796762,9.89405924
0.652519137,-0.523688522,11.40557955,9.955061792
0.663475577,-0.498351471,11.43311262,10.01789205
0.674320563,-0.472005104,11.4604915,10.08282756
0.685123094,-0.444875984,11.48783648,10.14942228
0.695831302,-0.41705427,11.51505472,10.21749088
0.706461809,-0.38837097,11.54218049,10.28736595
0.71700868,-0.358809974,11.56920721,10.3591226
0.727476746,-0.32845893,11.59612704,10.43251572
0.73781777,-0.297134938,11.62286975,10.50796572
0.748082602,-0.26486326,11.64952413,10.58539574
0.758248743,-0.231595057,11.67603293,10.664886
0.768302844,-0.197452888,11.70238749,10.74620747
0.778253058,-0.162314477,11.72859363,10.82961298
0.788089794,-0.126030584,11.75464504,10.91538469
0.797812071,-0.088719956,11.78051756,11.00327016
0.807410717,-0.050301025,11.80621015,11.09345286
0.81689674,-0.010737114,11.83173846,11.18597519
0.826255372,0.029955727,11.85707734,11.28083068
0.835497952,0.071843114,11.88223162,11.37812827
0.844583649,0.114972182,11.90714366,11.47798373
0.853566007,0.159367609,11.93190238,11.58040276
0.862420514,0.204992021,11.95646369,11.68531799
0.871123145,0.251973158,11.98077054,11.79300379
0.879658437,0.300448945,12.00481046,11.90374918
0.888100917,0.350247219,12.028712,12.01713283
0.896387731,0.401455733,12.05235139,12.13335432
0.90450284,0.454144946,12.07570781,12.25259022
0.912490668,0.508353741,12.0988554,12.374918
0.920307051,0.564330555,12.1217173,12.50077341
0.927987826,0.621822684,12.14434379,12.62965619
0.935504129,0.680755378,12.1666979,12.76143744
0.94285391,0.741528951,12.18876651,12.89695239
0.950054475,0.804123391,12.2105718,13.03607461
0.957062797,0.868439641,12.2320435,13.17863801
0.963921003,0.934528581,12.25325874,13.32476427
0.97064177,1.002393507,12.27423001,13.47443305
0.977146217,1.072146419,12.29481451,13.62786283
0.983450078,1.1441009,12.31504199,13.78569358
0.989641667,1.217919517,12.33506978,13.9472289
0.995635479,1.293493591,12.35474965,14.11226552
1.001421865,1.371285238,12.3740375,14.28171686
1.007038968,1.45136279,12.39302824,14.45573747
1.012456861,1.533480236,12.41165945,14.63381914
1.017696706,1.617618356,12.42995751,14.81590092
1.022738078,1.704258887,12.44788996,15.00297599
1.027614638,1.792768913,12.4655242,15.19380628
1.03224709,1.883835161,12.48270311,15.38972045
1.036674738,1.977180543,12.49950767,15.5901654
1.040927002,2.072782792,12.51598077,15.79512438
1.044978788,2.170912474,12.53207925,16.00509993
1.048805788,2.27137509,12.54776924,16.21980235
1.052409685,2.37418749,12.56304004,16.43921488
1.055832864,2.479561319,12.57796512,16.66364536
1.059011841,2.587539754,12.59243999,16.89332389
1.061994368,2.697655869,12.60655433,17.12742197
1.06476071,2.810657578,12.6202664,17.36724293
1.067252935,2.926176614,12.63345317,17.61200188
1.069584627,3.044031776,12.64635305,17.8616263
1.071680118,3.16472813,12.65882145,18.11699852
1.073498986,3.287965651,12.67077286,18.37743639
1.075132374,3.413569796,12.68237463,18.64271647
1.076515486,3.542194431,12.69352082,18.91404689
1.077665846,3.673214368,12.70425168,19.1903751
1.078593447,3.80661241,12.71456789,19.47152906
1.079265938,3.943178094,12.72441072,19.75905314
1.079699674,4.082074862,12.73383463,20.05143651
1.079897784,4.223508107,12.74283367,20.34902297
1.079864412,4.367718368,12.75141185,20.65230004
1.079576874,4.514428758,12.75954137,20.96076607
1.079021212,4.663893249,12.76720251,21.27495841
1.078245888,4.815848451,12.77447657,21.59424906
1.077226569,4.970343491,12.78131865,21.91890041
1.075962515,5.127451605,12.78774453,22.24896786
1.074420503,5.287230337,12.79369775,22.58463058
1.072652379,5.449391545,12.79925941,22.92533467
1.070643917,5.614034869,12.80441747,23.27125366
1.068358766,5.781283329,12.80911377,23.6226107
1.065842496,5.950828076,12.81343733,23.97894866
1.063066542,6.122938399,12.81732933,24.34076532
1.060021738,6.297481269,12.82078275,24.70764029
1.056776082,6.474103241,12.82392862,25.07909087
1.053235429,6.653268141,12.82659807,25.45599297
1.049425814,6.834899657,12.82884726,25.83815054
1.045434623,7.018395306,12.83083235,26.22447284
1.041123982,7.204330951,12.83231206,26.61600809
1.03657492,7.392579228,12.83344541,27.01257784
1.031808442,7.582765666,12.83427221,27.41353821
1.026769854,7.774950576,12.83468093,27.81874042
1.021451014,7.969424304,12.83469523,28.22908557
1.015943201,8.165744129,12.83446417,28.64353916
1.01016869,8.363977771,12.83385161,29.06219471
1.004103203,8.564331704,12.83282089,29.48555409
0.997799132,8.766375956,12.83149858,29.91279462
0.991304852,8.970246511,12.82993719,30.3441183
0.984531791,9.175875624,12.8279969,30.77938434
0.977462814,9.383155211,12.82568018,31.21841211
0.970192162,9.59230371,12.82313374,31.66171432
0.96269274,9.802784427,12.82030879,32.10801825
0.954930229,10.01483498,12.81716063,32.55791547
0.946887184,10.22858874,12.81369948,33.01180938
0.938637735,10.44364562,12.80999951,33.46861626
0.930154685,10.65997183,12.80603812,33.92838073
0.921403089,10.87772191,12.80179777,34.39149516
0.912399959,11.09682917,12.79728446,34.85773216
0.903178475,11.31695676,12.79254173,35.3263317
0.893723063,11.5382791,12.78757201,35.79773156
0.884007211,11.76082582,12.78235969,36.2719376
0.87403818,11.98428774,12.77687119,36.74829994
0.863858154,12.20872806,12.77120129,37.22696533
0.853431049,12.43418762,12.76533214,37.70794069
0.84275014,12.66055012,12.7592131,38.1910395
0.831828336,12.88757961,12.75287049,38.6757275
0.820689075,13.11538525,12.74637305,39.16213581
0.809301139,13.34415829,12.73968097,39.65074608
0.797668137,13.57337293,12.73276233,40.14030132
0.785808747,13.80311169,12.72567128,40.63112224
0.773709208,14.03363015,12.71841799,41.12357155
0.761376675,14.26458231,12.71099988,41.61690912
0.748804501,14.49586456,12.70337471,42.11097167
0.736006721,14.72763432,12.69561355,42.60595995
0.722972003,14.95981931,12.68770762,43.10169531
0.709699376,15.19223149,12.67963287,43.5978317
0.696204934,15.42490326,12.67138416,44.09428856
0.682475397,15.6578146,12.66303071,44.59090797
0.668495833,15.89088569,12.65451455,45.08775495
0.65430157,16.12410631,12.64584251,45.58454427
0.639876357,16.35733875,12.63704398,46.08092977
0.625223825,16.59064609,12.62814832,46.57708784
0.610336573,16.82396953,12.61909804,47.07278062
0.595226977,17.05723109,12.60990815,47.56789586
0.579893677,17.29035308,12.60062754,48.06202516
0.564316294,17.52345055,12.5912049,48.55543158
0.54852015,17.75639354,12.58166056,49.04795984
0.532511035,17.98901349,12.57201933,49.53894351
0.516258616,18.22150689,12.56223917,50.02881232
0.499793851,18.45376768,12.55238607,50.51730366
0.483122496,18.68564783,12.5424265,51.00410748
0.466181371,18.91719674,12.53230373,51.48905842
0.449041269,19.14850214,12.52209165,51.97259106
0.431712774,19.37932916,12.51184933,52.45381031
0.414121015,19.60972468,12.50142472,52.93291996
0.396297163,19.83972748,12.49087149,53.40997548
0.378312328,20.06928985,12.4803279,53.884702
0.360077556,20.29830152,12.46963122,54.3567213
0.341597814,20.52680284,12.45877079,54.82625268
0.32292683,20.75481255,12.44786817,55.29333013
0.304079614,20.98226041,12.43693382,55.75732977
0.284963152,21.20907375,12.42581022,56.21823357
0.265621213,21.43530312,12.41456512,56.6763002
0.246110499,21.66093075,12.40332018,57.13105212
0.226372396,21.8859361,12.39193825,57.5825788
0.20641421,22.11026161,12.38042864,58.03072106
0.186255628,22.33391844,12.36886678,58.47533104
0.165878962,22.55692589,12.35719293,58.91625374
0.145301234,22.77922688,12.34541084,59.35359083
0.124519913,23.00072969,12.33357425,59.78685115
0.103505189,23.22155313,12.32160088,60.21609658
0.082305031,23.44169523,12.30953099,60.64178027
0.060900105,23.66101299,12.29738328,61.06304917
0.039293049,23.87955187,12.28516903,61.47969671
0.017478359,24.09741951,12.27281599,61.89275611
-0.004546312,24.31441638,12.26036158,62.30094827
-0.026749097,24.53060731,12.24786818,62.70442156
-0.049151696,24.74609826,12.23526081,63.10386527
-0.071791342,24.96071381,12.22249025,63.49837269
-0.094597498,25.17446427,12.20969312,63.88786258
-0.117572272,25.38745606,12.19684781,64.27257805
-0.1407844,25.59961771,12.18382562,64.65258012
-0.164191256,25.81087044,12.17071811,65.02731804
-0.187758335,26.02133316,12.1575677,65.39679764
-0.211528509,26.23095739,12.14429875,65.76146539
-0.235510261,26.43966063,12.13091493,66.12076788
-0.259649378,26.64753507,12.11748555,66.4743797
-0.283972744,26.85457132,12.10395834,66.82303167
-0.308507812,27.06070426,12.0903046,67.16619147
-0.333227234,27.26591658,12.07657511,67.50338549
-0.358090792,27.47029291,12.06281474,67.83524726
-0.383149393,27.67383358,12.04891995,68.16174597
-0.408424748,27.87636881,12.03490814,68.48199451
-0.433840494,28.07802284,12.02087712,68.79651033
-0.459411516,28.27886435,12.00677868,69.10538115
-0.485206156,28.47871474,11.99252664,69.4082757
-0.511168181,28.67765244,11.97820314,69.70520866
-0.537254107,28.8757,11.96389363,69.99584146
-0.563537429,29.07280623,11.94945538,70.28061584
-0.590016815,29.26901809,11.93488496,70.5594781
-0.616625991,29.46427473,11.92031344,70.83206797
-0.64338114,29.658575,11.90571259,71.09815799
-0.670329229,29.85195297,11.89098472,71.35816978
-0.697451889,30.04437325,11.87616409,71.61216869
-0.724686724,30.2358285,11.86137875,71.85934126
-0.752084225,30.42632829,11.84651724,72.10027145
-0.779673236,30.61585577,11.83152908,72.33515375
-0.807384649,30.80442467,11.8165486,72.56333587
-0.835238557,30.99196963,11.80154876,72.78476653
-0.863257318,31.17857087,11.78645166,73.00020977
-0.891407683,31.36416428,11.77134335,73.2088079
-0.919696026,31.54872966,11.75622851,73.41082823
-0.948135199,31.73229124,11.74105859,73.6063925
-0.976715222,31.91482601,11.72584411,73.79518602
-1.005414303,32.09633782,11.71064602,73.97757873
-1.034245512,32.27682995,11.69544273,74.15320327
-1.06321677,32.45625829,11.68019952,74.32220682
-1.092322932,32.63459014,11.66495431,74.48424499
-1.121532337,32.81200353,11.64973896,74.64018097
-1.150878932,32.9882727,11.63452857,74.78901636
-1.180370496,33.1634191,11.61930314,74.93064238
-1.20995722,33.33765247,11.60410946,75.06647702
-1.239648584,33.51073118,11.58898304,75.19535956
-1.269487097,33.68262512,11.57384925,75.31675573
-1.299436643,33.85356417,11.55872935,75.43216524
-1.329492866,34.02331805,11.54367958,75.54073287
-1.359657194,34.19193908,11.52869911,75.64207555
-1.389943263,34.35946573,11.51372642,75.73711703
-1.42032528,34.52578019,11.4988359,75.825234
-1.450808069,34.69086954,11.48403142,75.90614819
-1.481387898,34.85485626,11.46928187,75.98104331
-1.512044432,35.01759754,11.45463299,76.04918224
-1.542819259,35.17890093,11.4400726,76.10939539
-1.573666382,35.33912572,11.42560198,76.16385863
-1.604581677,35.49817676,11.41123995,76.21212454
-1.635592504,35.65576932,11.3970004,76.2528276
-1.666689498,35.81198006,11.3828712,76.28652942
-1.697848298,35.96695177,11.36886691,76.31412613
-1.729071062,36.12056459,11.35502523,76.33496559
-1.760363759,36.27292242,11.3412991,76.34966233
-1.791722813,36.42375506,11.32773092,76.35720285
-1.823155668,36.57313565,11.31432607,76.35783893
-1.854633475,36.72127644,11.30109178,76.35279033
-1.886195607,36.86816708,11.28798768,76.34144014
-1.917866428,37.01352776,11.2750619,76.3218179
-1.949590801,37.15769941,11.26234072,76.29632979
-1.981381631,37.30079628,11.24977425,76.26544068
-2.013264078,37.44228854,11.23740273,76.22664319
-2.045212112,37.58234713,11.22523514,76.18120799
-2.077202597,37.72123164,11.21327357,76.13030109
-2.109267135,37.85857631,11.20152419,76.07237631
-2.141393666,37.99433269,11.18999733,76.00770899
-2.17356682,38.128565,11.17872285,75.93653425
-2.205796967,38.26136716,11.16766629,75.8590941
-2.238072444,38.39258681,11.15684252,75.77546185
-2.270387498,38.52201778,11.14631199,75.68505613
-2.302728136,38.65001093,11.13602694,75.58895648
-2.335129556,38.77604924,11.12600754,75.4856279
-2.367568895,38.90037495,11.11625841,75.37627917
-2.400022701,39.02331847,11.1067608,75.26195045
-2.432515609,39.14414008,11.09757749,75.14046448
-2.465033027,39.26311615,11.08869062,75.01281543
-2.497564069,39.38051556,11.08007425,74.87997863
-2.530128147,39.49591144,11.07176355,74.74108606
-2.562700961,39.60925706,11.0637866,74.59587417
-2.595280236,39.72083599,11.05609311,74.445472
-2.627886558,39.83030546,11.04872009,74.28909562
-2.660476947,39.93783113,11.0417,74.12729402
-2.693073871,40.04342269,11.03498053,73.9602558
-2.725676944,40.14696013,11.02857361,73.78784698
-2.75826769,40.24837619,11.02252826,73.61015482
-2.790861203,40.34757749,11.01682452,73.42694054
-2.823455484,40.44490187,11.01140265,73.23918528
-2.856009177,40.53998585,11.00638766,73.04628855
-2.888565839,40.63274757,11.00169925,72.84825684
-2.921105991,40.72360831,10.99731019,72.64604826
-2.953611841,40.81207815,10.99333452,72.43884728
-2.986095521,40.89833131,10.98969368,72.22706174
-3.018578398,40.98234877,10.98637291,72.01060727
-3.051027193,41.06436639,10.9833936,71.79034173
-3.083442363,41.14369572,10.9808386,71.56519701
-3.115864465,41.22108021,10.97851797,71.33631027
-3.148231607,41.296285,10.97659015,71.10355486
-3.18058354,41.36890657,10.97503721,70.86631037
-3.212926888,41.43946406,10.97375129,70.62562148
-3.245239168,41.50769727,10.972845,70.3811503
-3.277543221,41.57374506,10.97224396,70.13285301
-3.309838975,41.63725302,10.97198771,69.8807472
-3.342128886,41.69869084,10.97201228,69.62538274
-3.37440254,41.75791344,10.97236387,69.3666756
-3.406685253,41.81467655,10.97302255,69.10439059
-3.438970919,41.86929356,10.97395675,68.83877922
-3.471236491,41.92141741,10.97526217,68.56997019
-3.503518859,41.97184561,10.97672998,68.29881212
-3.535831553,42.01948174,10.97852487,68.02371466
-3.568122856,42.06480646,10.98065529,67.74590202
-3.600410774,42.10839518,10.98298254,67.46589248
-3.632738972,42.14951017,10.98556189,67.1827776
-3.665076663,42.18828351,10.98841983,66.89689219
-3.69741071,42.22505654,10.99153123,66.60874457
-3.729772197,42.25977807,10.99485286,66.31827186
-3.762201327,42.29208573,10.99840122,66.02487253
-3.794657771,42.32209296,11.00222226,65.72885329
-3.827123591,42.35045854,11.00622798,65.43119587
-3.859660211,42.37654045,11.01044138,65.13092917
-3.892265973,42.40018684,11.01489363,64.82801222
-3.924907831,42.42207198,11.01952763,64.52321282
-3.957603044,42.44186639,11.02437813,64.21616611
-3.990364872,42.45957041,11.02942511,63.90702515
-4.023206508,42.47518611,11.03463455,63.59577546
-4.056115407,42.48877577,11.04002936,63.28248639
-4.089074346,42.50037442,11.04564526,62.96714589
-4.122106383,42.51004816,11.05141906,62.65013767
-4.155234889,42.51765941,11.05734604,62.33119025
-4.188450005,42.52324703,11.06343325,62.0101443
-4.221712421,42.52714717,11.06968646,61.68768804
-4.255065515,42.52895086,11.07611928,61.36346448
-4.288567262,42.52869501,11.08271511,61.03675439
-4.322200028,42.5266525,11.08948304,60.70756655
-4.355970379,42.52244237,11.09648006,60.37573593
-4.389901162,42.51604954,11.10368102,60.04134923
-4.423991488,42.50768395,11.11106254,59.70440871
-4.458212996,42.49762566,11.11861439,59.36525967
-4.492617896,42.48532151,11.12634808,59.02367876
-4.527199845,42.47069619,11.13430191,58.67941104
-4.561906077,42.4544335,11.14243832,58.33300161
-4.596806282,42.43626666,11.15069786,57.98449939
-4.631893674,42.41583137,11.15917105,57.63358235
-4.667163111,42.3931515,11.16786972,57.27999446
-4.702608833,42.36872865,11.17670176,56.92437101
-4.738234875,42.34246282,11.18570097,56.56682557
-4.774069821,42.3140101,11.1948879,56.20697907
-4.810101231,42.28339342,11.20427876,55.84470797
-4.846323619,42.25087813,11.21382192,55.48040995
-4.882737722,42.21656958,11.22349816,55.11444784
-4.919346775,42.18007172,11.23341659,54.74631745
-4.956188217,42.1414186,11.2434772,54.37597267
-4.993200944,42.1010162,11.25369186,54.00393615
-5.03039791,42.05865245,11.26409481,53.6304294
-5.067807294,42.01420881,11.27466,53.25501678
-5.105410781,41.96777155,11.28542799,52.87766055
-5.143225324,41.91948457,11.29630903,52.49898006
-5.181233309,41.8692138,11.30737746,52.1188052
-5.219445018,41.81691437,11.31865324,51.73687734
-5.25786391,41.76282216,11.33006103,51.35342064
-5.296480717,41.70684228,11.34165333,50.96873879
-5.335335495,41.64880282,11.35340539,50.58257827
-5.374380141,41.58891449,11.36535849,50.19495767
-5.413617051,41.52734088,11.37746715,49.80620713
-5.453100342,41.46374994,11.38971944,49.41626885
-5.492782421,41.39824391,11.40219782,49.02502897
-5.532660847,41.33113153,11.41482849,48.63266851
-5.57277405,41.26210473,11.42761182,48.2394101
-5.613079671,41.19115162,11.44063918,47.84511676
-5.653588969,41.11856021,11.45381472,47.44980669
-5.694321681,41.04427021,11.46713728,47.05379157
-5.735238198,40.968117,11.48071918,46.6570634
-5.776369981,40.8902171,11.49446133,46.2596601
-5.817696316,40.81074489,11.5083718,45.86151688
-5.859218852,40.7296196,11.52249295,45.46286033
-5.900963656,40.64671334,11.53681894,45.06388103
-5.942908471,40.56225752,11.5513191,44.66445563
-5.985019479,40.47635064,11.56601873,44.26441384
-6.027366012,40.38857821,11.58095313,43.86415188
-6.069921354,40.29943068,11.59605129,43.46394691
-6.112658252,40.20878271,11.61137983,43.06334403
-6.155590409,40.11659567,11.62691289,42.66248502
-6.198739782,40.02296038,11.64263672,42.26185478
-6.242086548,39.92784562,11.65860643,41.86123559
-6.285623384,39.83141154,11.6747645,41.46059549
-6.32936065,39.73358541,11.69115053,41.06013017
-6.373293093,39.63435968,11.70778034,40.66001198
-6.417433979,39.53385396,11.72460368,40.26025617
-6.461751761,39.43213998,11.74165408,39.86067052
-6.506271715,39.32910594,11.75895184,39.46163747
-6.550998048,39.22480284,11.77648852,39.06323599
-6.595906321,39.11940649,11.79424537,38.66551429
-6.641007054,39.01284994,11.81222169,38.26830725
-6.686285218,38.9051644,11.8304722,37.87172594
-6.731772366,38.79640366,11.84894169,37.47619018
-6.777459181,38.68654383,11.86768742,37.08186732
-6.82330967,38.5757774,11.88665398,36.68827307
-6.869354187,38.46400904,11.90586541,36.29571346
-6.915583546,38.35126526,11.9253459,35.90429631
-6.962002762,38.23767045,11.94507518,35.51432193
-7.008603597,38.12322966,11.96506603,35.12585731
-7.055383385,38.007898,11.98533163,34.7386119
-7.102341668,37.89179913,12.0058348,34.35269847
-7.149489437,37.77500725,12.02658889,33.96852026
-7.19680474,37.65745737,12.04765677,33.58623863
-7.244313358,37.53924995,12.06897854,33.20590664
-7.291991875,37.42042256,12.0905435,32.82712961
-7.339833411,37.30101919,12.11240022,32.45030145
-7.387870332,37.18105042,12.13451768,32.0757985
-7.436071715,37.06058788,12.15693143,31.70352333
-7.484456648,36.93962078,12.17961956,31.33359698
-7.533004142,36.81823273,12.20257797,30.96588764
-7.581715006,36.6964716,12.22580417,30.60044379
-7.630607437,36.57436247,12.24932225,30.23789446
-7.67968563,36.45190266,12.27312989,29.87818453
-7.728910749,36.3291579,12.29722344,29.52093093
-7.778308359,36.20624004,12.32158311,29.16672878
-7.827873232,36.08311031,12.34624857,28.81549505
-7.87760364,35.95979965,12.37116917,28.46716174
-7.927508667,35.83636965,12.39644446,28.12259999
-7.977566536,35.71282841,12.42198959,27.78093137
-8.027786069,35.58931368,12.4477883,27.44261117
-8.07817341,35.46577201,12.47391716,27.10797249
-8.128714798,35.34219442,12.50033771,26.77679045
-8.1794174,35.21868333,12.52706846,26.44938639
-8.23028829,35.09530378,12.55406967,26.12579492
-8.281295348,34.97205418,12.58140106,25.80602599
-8.332466787,34.84896716,12.60904809,25.49041762
-8.383791664,34.72605395,12.63698614,25.17876174
-8.435272071,34.60329581,12.66522224,24.87108752
-8.486900063,34.4808677,12.69380004,24.56809173
-8.538665674,34.35868914,12.72267373,24.26900881
-8.590590626,34.23690207,12.75188818,23.97487289
-8.642677481,34.11527442,12.78139087,23.68494416
-8.694874926,33.99406946,12.81124327,23.39938809
-8.747227236,33.87328059,12.84141432,23.11881101
-8.799711592,33.75286641,12.87192697,22.84276738
-8.852343644,33.63288352,12.9027948,22.57197735
-8.905110439,33.51327265,12.93398261,22.3056661
-8.957993262,33.39412345,12.965516,22.04416547
-9.011022482,33.27544478,12.99737117,21.78764243
-9.064166219,33.15728157,13.02962007,21.53635637
-9.117458982,33.03958168,13.06220062,21.29027682
-9.170835084,32.92233593,13.09518989,21.04899847
-9.224368815,32.80564681,13.12848428,20.81295141
-9.277999057,32.68943178,13.16217433,20.58192743
-9.33176388,32.57375911,13.19622433,20.35638432
-9.385608668,32.45863025,13.23070167,20.13597612
-9.439568404,32.34397013,13.2655505,19.92062869
-9.493639483,32.22981743,13.30078127,19.71048927
-9.547825163,32.11620054,13.33640988,19.50577729
-9.60209702,32.00312555,13.37244114,19.30627319
-9.656450937,31.89053164,13.4088789,19.11164053
-9.710891474,31.77842362,13.44576942,18.92235868
-9.765424845,31.66677264,13.48307334,18.73816286
-9.820043248,31.55567292,13.52079064,18.55926142
-9.874740315,31.44506463,13.55896061,18.3856114
-9.92950818,31.33487703,13.59753512,18.21651643
-9.984330671,31.2251086,13.63660076,18.05260438
-10.03920378,31.11577543,13.67612394,17.89333014
-10.09415086,31.00689,13.71608577,17.73914704
-10.14912664,30.89844091,13.75656818,17.58987616
-10.20417525,30.79039171,13.79750491,17.44562674
-10.25923882,30.68266441,13.83889778,17.30524012
-10.31433246,30.57533728,13.8808092,17.16981231
-10.36940273,30.46831136,13.92326487,17.03842798
-10.42454572,30.36170138,13.96620622,16.91215384
-10.47966953,30.25538138,14.00966009,16.78977265
-10.53479275,30.14939561,14.05364319,16.67171274
-10.58987307,30.0437202,14.09819678,16.55774577
-10.64495434,29.93828404,14.14325111,16.44746343
-10.69995636,29.83316545,14.18895273,16.34134605
-10.7549101,29.72835682,14.23521947,16.23904938
-10.80983073,29.62386791,14.2820065,16.14074392
-10.86462221,29.51959879,14.32948574,16.04578722
-10.91935449,29.41567621,14.3775238,15.95469637
-10.97390707,29.31194402,14.42630125,15.86662264
-11.02836377,29.20857612,14.47565226,15.78215623
-11.08265169,29.10546196,14.52569423,15.70083721
-11.13678338,29.00271326,14.57638886,15.62293914
-11.19065086,28.90030284,14.62798566,15.54860219
-11.2443707,28.79816963,14.6801523,15.47705987
-11.29772094,28.69641219,14.73327713,15.40840619
-11.35086595,28.59500856,14.78703771,15.34263004
-11.40360296,28.49402528,14.84182396,15.27998108
-11.45604994,28.3934208,14.89740511,15.22026821
-11.5080764,28.29329426,14.95394972,15.16350856
-11.55964017,28.19363914,15.0115333,15.10974027
-11.61075706,28.09442942,15.07008438,15.05869061
-11.66135374,27.99571755,15.12971527,15.01024181
-11.71132631,27.89752414,15.19057238,14.96458427
-11.76067114,27.79984601,15.2526651,14.92189488
-11.80928895,27.70283656,15.31612413,14.88209404
-11.85720224,27.60630075,15.38087732,14.84492551
-11.90425685,27.51039997,15.44717251,14.81051135
-11.95043615,27.41503837,15.51501619,14.77880611
-11.99566282,27.32028772,15.58453126,14.74981589
-12.03978556,27.22611425,15.6559755,14.72381268
-12.08278182,27.13259945,15.72933559,14.70077453
-12.12458615,27.03963831,15.80471189,14.68019869
-12.16503758,26.94713529,15.88232434,14.66216064
-12.20413189,26.85517145,15.96226913,14.64681567
-12.24159908,26.76373864,16.0448841,14.63421614
-12.27758914,26.67275652,16.13002549,14.62433436
-12.31161921,26.5821856,16.21842255,14.61708549
-12.34400369,26.49194203,16.30957383,14.6120803
-12.37421833,26.40194712,16.40430941,14.60929947
-12.40241079,26.31221036,16.50244816,14.60864771
-12.42820151,26.22293425,16.6043977,14.61046119
-12.45154285,26.1339495,16.71035692,14.61449846
-12.47227682,26.04491155,16.82074681,14.6204803
-12.49038122,25.95586727,16.93560978,14.62815341
-12.50547918,25.86696619,17.05532783,14.6374399
-12.51755816,25.7778252,17.18021765,14.64801099
-12.52631025,25.68870136,17.31059015,14.65995452
-12.53151598,25.59991187,17.4464909,14.6734181
-12.53270628,25.51169906,17.58808643,14.6879772
-12.52861476,25.42602135,17.73496941,14.70458417
-12.51960395,25.34164703,17.88785931,14.72193023
-12.50452711,25.26034051,18.04641229,14.74065888
-12.48171742,25.18421906,18.21023391,14.76127216
-12.45154886,25.11549911,18.37843104,14.78649049
-12.41487576,25.05239671,18.55057396,14.81402788
-12.37587418,24.99682186,18.71426636,14.83908908
-12.36142468,24.97575658,18.77681229,14.8486657
-12.36089176,24.97536804,18.77848841,14.84892529
